x,y,z
0,0,0
6.2475,-49.2303,50.3965
6.2475,-49.2303,50.3965
2.7489,-45.0653,48.4806
2.7489,-45.0653,48.4806
2.7489,-45.0653,48.4806
2.7489,-45.0653,48.4806
2.7489,-45.0653,48.4806
2.7489,-45.0653,48.4806
2.7489,-45.0653,48.4806
2.7489,-45.0653,48.4806
2.7489,-45.0653,48.4806
2.7489,-45.0653,48.4806
2.7489,-45.0653,48.4806
2.7489,-45.0653,48.4806
2.7489,-45.0653,48.4806
6.2475,-49.8134,51.2295
6.2475,-49.8134,51.2295
6.2475,-49.8134,51.2295
6.2475,-49.8134,51.2295
6.2475,-49.8134,51.2295
6.2475,-49.8134,51.2295
6.2475,-49.8134,51.2295
6.2475,-49.8134,51.2295
6.2475,-49.8134,51.2295
6.2475,-49.8134,51.2295
3.4986,-48.314,50.1466
3.4986,-48.314,50.1466
3.4986,-48.314,50.1466
3.4986,-48.314,50.1466
3.4986,-48.314,50.1466
3.4986,-48.314,50.1466
3.4986,-48.314,50.1466
3.4986,-48.314,50.1466
3.4986,-48.314,50.1466
3.4986,-48.314,50.1466
4.165,-49.2303,48.8971
4.165,-49.2303,48.8971
4.165,-49.2303,48.8971
4.165,-49.2303,48.8971
4.165,-49.2303,48.8971
4.165,-49.2303,48.8971
4.165,-49.2303,48.8971
4.165,-49.2303,48.8971
4.165,-49.2303,48.8971
4.165,-49.2303,48.8971
4.165,-49.2303,48.8971
6.7473,-53.8118,44.7321
6.7473,-53.8118,44.7321
6.7473,-53.8118,44.7321
6.7473,-53.8118,44.7321
6.7473,-53.8118,44.7321
6.7473,-53.8118,44.7321
6.7473,-53.8118,44.7321
6.7473,-53.8118,44.7321
6.7473,-53.8118,44.7321
6.7473,-53.8118,44.7321
6.7473,-53.8118,44.7321
6.7473,-53.8118,44.7321
5.1646,-48.8138,47.8975
5.1646,-48.8138,47.8975
5.1646,-48.8138,47.8975
5.1646,-48.8138,47.8975
5.1646,-48.8138,47.8975
5.1646,-48.8138,47.8975
5.1646,-48.8138,47.8975
5.1646,-48.8138,47.8975
5.1646,-48.8138,47.8975
6.2475,-48.9804,48.314
6.2475,-48.9804,48.314
6.2475,-48.9804,48.314
6.2475,-48.9804,48.314
6.2475,-48.9804,48.314
6.2475,-48.9804,48.314
6.2475,-48.9804,48.314
6.2475,-48.9804,48.314
6.2475,-48.9804,48.314
6.2475,-48.9804,48.314
6.2475,-48.9804,48.314
6.2475,-48.9804,48.314
6.2475,-48.9804,48.314
6.2475,-48.9804,48.314
9.2463,-47.2311,46.3981
9.2463,-47.2311,46.3981
9.2463,-47.2311,46.3981
9.2463,-47.2311,46.3981
9.2463,-47.2311,46.3981
9.2463,-47.2311,46.3981
9.2463,-47.2311,46.3981
9.2463,-47.2311,46.3981
5.5811,-47.8975,52.2291
5.5811,-47.8975,52.2291
5.5811,-47.8975,52.2291
5.5811,-47.8975,52.2291
5.5811,-47.8975,52.2291
4.3316,-49.3969,49.5635
4.3316,-49.3969,49.5635
4.3316,-49.3969,49.5635
5.5811,-46.3148,50.813
5.5811,-46.3148,50.813
5.5811,-46.3148,50.813
5.5811,-46.3148,50.813
5.5811,-46.3148,50.813
5.5811,-46.3148,50.813
5.5811,-46.3148,50.813
4.3316,-49.3969,49.98
4.3316,-49.3969,49.98
4.3316,-49.3969,49.98
4.3316,-49.3969,49.98
4.3316,-49.3969,49.98
4.3316,-49.3969,49.98
4.3316,-49.3969,49.98
4.3316,-49.3969,49.98
4.3316,-49.3969,49.98
4.3316,-49.3969,49.98
4.3316,-49.3969,49.98
4.3316,-49.3969,49.98
4.3316,-49.3969,49.98
4.3316,-49.3969,49.98
4.7481,-44.8154,49.3136
4.7481,-44.8154,49.3136
4.7481,-44.8154,49.3136
4.7481,-44.8154,49.3136
4.7481,-44.8154,49.3136
4.7481,-44.8154,49.3136
4.7481,-44.8154,49.3136
4.7481,-44.8154,49.3136
4.7481,-44.8154,49.3136
4.7481,-44.8154,49.3136
4.7481,-44.8154,49.3136
4.7481,-44.8154,49.3136
5.1646,-48.8138,51.8126
5.1646,-48.8138,51.8126
5.1646,-48.8138,51.8126
5.1646,-48.8138,51.8126
5.1646,-48.8138,51.8126
5.1646,-48.8138,51.8126
5.1646,-48.8138,51.8126
5.1646,-48.8138,51.8126
5.1646,-48.8138,51.8126
5.1646,-48.8138,51.8126
5.1646,-48.8138,51.8126
5.1646,-48.8138,51.8126
5.1646,-48.8138,51.8126
5.1646,-48.4806,51.2295
5.1646,-48.4806,51.2295
5.1646,-48.4806,51.2295
5.1646,-48.4806,51.2295
5.1646,-48.4806,51.2295
5.1646,-48.4806,51.2295
5.1646,-48.4806,51.2295
5.1646,-48.4806,51.2295
5.1646,-48.4806,51.2295
5.1646,-48.4806,51.2295
5.1646,-48.4806,51.2295
5.1646,-48.4806,51.2295
5.1646,-48.4806,51.2295
6.4141,-47.8975,49.5635
6.4141,-47.8975,49.5635
6.4141,-47.8975,49.5635
6.4141,-47.8975,49.5635
6.4141,-47.8975,49.5635
6.4141,-47.8975,49.5635
6.4141,-47.8975,49.5635
6.4141,-47.8975,49.5635
6.4141,-47.8975,49.5635
6.4141,-47.8975,49.5635
6.4141,-47.8975,49.5635
6.4141,-47.8975,49.5635
6.4141,-47.8975,49.5635
3.7485,-47.6476,51.2295
3.7485,-47.6476,51.2295
3.7485,-47.6476,51.2295
3.7485,-47.6476,51.2295
3.7485,-47.6476,51.2295
3.7485,-47.6476,51.2295
3.7485,-47.6476,51.2295
3.7485,-47.6476,51.2295
3.7485,-47.6476,51.2295
3.7485,-47.6476,51.2295
3.7485,-47.6476,51.2295
3.7485,-47.6476,51.2295
3.7485,-47.6476,51.2295
5.831,-47.2311,51.646
5.831,-47.2311,51.646
5.831,-47.2311,51.646
5.831,-47.2311,51.646
5.831,-47.2311,51.646
5.831,-47.2311,51.646
5.831,-47.2311,51.646
5.831,-47.2311,51.646
5.831,-47.2311,51.646
5.831,-47.2311,51.646
5.831,-47.2311,51.646
5.831,-47.2311,51.646
5.831,-47.2311,51.646
6.2475,-50.8963,49.5635
6.2475,-50.8963,49.5635
6.2475,-50.8963,49.5635
6.2475,-50.8963,49.5635
6.2475,-50.8963,49.5635
6.2475,-50.8963,49.5635
6.2475,-50.8963,49.5635
6.2475,-50.8963,49.5635
6.2475,-50.8963,49.5635
6.2475,-50.8963,49.5635
6.2475,-50.8963,49.5635
6.2475,-50.8963,49.5635
1.9159,-50.4798,50.1466
1.9159,-50.4798,50.1466
1.9159,-50.4798,50.1466
1.9159,-50.4798,50.1466
1.9159,-50.4798,50.1466
1.9159,-50.4798,50.1466
1.9159,-50.4798,50.1466
1.9159,-50.4798,50.1466
1.9159,-50.4798,50.1466
1.9159,-50.4798,50.1466
1.9159,-50.4798,50.1466
1.9159,-50.4798,50.1466
1.9159,-50.4798,50.1466
1.9159,-50.4798,50.1466
4.3316,-48.4806,50.5631
4.3316,-48.4806,50.5631
4.3316,-48.4806,50.5631
4.3316,-48.4806,50.5631
4.3316,-48.4806,50.5631
4.3316,-48.4806,50.5631
4.3316,-48.4806,50.5631
4.3316,-48.4806,50.5631
4.3316,-48.4806,50.5631
4.3316,-48.4806,50.5631
4.3316,-48.4806,50.5631
4.3316,-48.4806,50.5631
4.3316,-48.4806,50.5631
5.831,-47.2311,51.8126
5.831,-47.2311,51.8126
5.831,-47.2311,51.8126
5.831,-47.2311,51.8126
5.831,-47.2311,51.8126
5.831,-47.2311,51.8126
5.831,-47.2311,51.8126
5.831,-47.2311,51.8126
5.831,-47.2311,51.8126
5.831,-47.2311,51.8126
5.831,-47.2311,51.8126
5.831,-47.2311,51.8126
5.831,-47.2311,51.8126
4.5815,-44.8154,51.646
4.5815,-44.8154,51.646
4.5815,-44.8154,51.646
4.5815,-44.8154,51.646
4.5815,-44.8154,51.646
4.5815,-44.8154,51.646
4.5815,-44.8154,51.646
4.5815,-44.8154,51.646
4.5815,-44.8154,51.646
4.5815,-44.8154,51.646
4.5815,-44.8154,51.646
4.5815,-44.8154,51.646
4.5815,-44.8154,51.646
2.1658,-49.3969,51.2295
2.1658,-49.3969,51.2295
2.1658,-49.3969,51.2295
2.1658,-49.3969,51.2295
2.1658,-49.3969,51.2295
2.1658,-49.3969,51.2295
2.1658,-49.3969,51.2295
2.1658,-49.3969,51.2295
2.1658,-49.3969,51.2295
2.1658,-49.3969,51.2295
2.1658,-49.3969,51.2295
2.1658,-49.3969,51.2295
2.1658,-49.3969,51.2295
5.4145,-46.8146,50.1466
5.4145,-46.8146,50.1466
5.4145,-46.8146,50.1466
5.4145,-46.8146,50.1466
5.4145,-46.8146,50.1466
5.4145,-46.8146,50.1466
5.4145,-46.8146,50.1466
5.4145,-46.8146,50.1466
5.4145,-46.8146,50.1466
5.4145,-46.8146,50.1466
5.4145,-46.8146,50.1466
5.4145,-46.8146,50.1466
5.4145,-46.8146,50.1466
1.9159,-50.2299,50.813
1.9159,-50.2299,50.813
1.9159,-50.2299,50.813
1.9159,-50.2299,50.813
1.9159,-50.2299,50.813
1.9159,-50.2299,50.813
1.9159,-50.2299,50.813
1.9159,-50.2299,50.813
1.9159,-50.2299,50.813
1.9159,-50.2299,50.813
1.9159,-50.2299,50.813
1.9159,-50.2299,50.813
1.9159,-50.2299,50.813
3.4986,-43.316,49.3136
3.4986,-43.316,49.3136
3.4986,-43.316,49.3136
3.4986,-43.316,49.3136
3.4986,-43.316,49.3136
3.4986,-43.316,49.3136
3.4986,-43.316,49.3136
3.4986,-43.316,49.3136
3.4986,-43.316,49.3136
3.4986,-43.316,49.3136
3.4986,-43.316,49.3136
3.4986,-43.316,49.3136
3.4986,-43.316,49.3136
5.831,-45.4818,51.2295
5.831,-45.4818,51.2295
5.831,-45.4818,51.2295
5.831,-45.4818,51.2295
5.831,-45.4818,51.2295
5.831,-45.4818,51.2295
5.831,-45.4818,51.2295
5.831,-45.4818,51.2295
5.831,-45.4818,51.2295
5.831,-45.4818,51.2295
5.831,-45.4818,51.2295
5.831,-45.4818,51.2295
5.831,-45.4818,51.2295
5.831,-45.4818,51.2295
7.3304,-42.483,52.8955
7.3304,-42.483,52.8955
7.3304,-42.483,52.8955
7.3304,-42.483,52.8955
7.3304,-42.483,52.8955
7.3304,-42.483,52.8955
7.3304,-42.483,52.8955
7.3304,-42.483,52.8955
7.3304,-42.483,52.8955
7.3304,-42.483,52.8955
7.3304,-42.483,52.8955
7.3304,-42.483,52.8955
7.3304,-42.483,52.8955
6.4141,-46.3148,52.8955
6.4141,-46.3148,52.8955
6.4141,-46.3148,52.8955
6.4141,-46.3148,52.8955
6.4141,-46.3148,52.8955
6.4141,-46.3148,52.8955
6.4141,-46.3148,52.8955
6.4141,-46.3148,52.8955
6.4141,-46.3148,52.8955
6.4141,-46.3148,52.8955
6.4141,-46.3148,52.8955
6.4141,-46.3148,52.8955
6.4141,-46.3148,52.8955
6.2475,-45.0653,50.3965
6.2475,-45.0653,50.3965
6.2475,-45.0653,50.3965
6.2475,-45.0653,50.3965
6.2475,-45.0653,50.3965
6.2475,-45.0653,50.3965
6.2475,-45.0653,50.3965
6.2475,-45.0653,50.3965
6.2475,-45.0653,50.3965
6.2475,-45.0653,50.3965
6.2475,-45.0653,50.3965
6.2475,-45.0653,50.3965
6.2475,-45.0653,50.3965
6.7473,-48.0641,50.3965
6.7473,-48.0641,50.3965
6.7473,-48.0641,50.3965
6.7473,-48.0641,50.3965
6.7473,-48.0641,50.3965
6.7473,-48.0641,50.3965
6.7473,-48.0641,50.3965
6.7473,-48.0641,50.3965
6.7473,-48.0641,50.3965
6.7473,-48.0641,50.3965
6.7473,-48.0641,50.3965
6.7473,-48.0641,50.3965
6.7473,-48.0641,50.3965
4.5815,-45.8983,50.3965
4.5815,-45.8983,50.3965
4.5815,-45.8983,50.3965
4.5815,-45.8983,50.3965
4.5815,-45.8983,50.3965
4.5815,-45.8983,50.3965
4.5815,-45.8983,50.3965
4.5815,-45.8983,50.3965
4.5815,-45.8983,50.3965
7.5803,-44.2323,51.8126
7.5803,-44.2323,51.8126
7.5803,-44.2323,51.8126
7.5803,-44.2323,51.8126
7.5803,-44.2323,51.8126
7.5803,-44.2323,51.8126
7.5803,-44.2323,51.8126
7.5803,-44.2323,51.8126
7.5803,-44.2323,51.8126
8.163401,-48.4806,50.5631
8.163401,-48.4806,50.5631
8.163401,-48.4806,50.5631
8.163401,-48.4806,50.5631
8.163401,-48.4806,50.5631
8.163401,-48.4806,50.5631
8.163401,-48.4806,50.5631
8.163401,-48.4806,50.5631
8.163401,-48.4806,50.5631
8.163401,-48.4806,50.5631
8.163401,-48.4806,50.5631
8.163401,-48.4806,50.5631
8.163401,-48.4806,50.5631
8.163401,-48.4806,50.5631
6.4974,-46.0649,48.314
6.4974,-46.0649,48.314
6.4974,-46.0649,48.314
6.4974,-46.0649,48.314
6.4974,-46.0649,48.314
6.4974,-46.0649,48.314
6.4974,-46.0649,48.314
6.4974,-46.0649,48.314
6.4974,-46.0649,48.314
6.4974,-46.0649,48.314
6.4974,-46.0649,48.314
6.4974,-46.0649,48.314
5.1646,-43.0661,52.0625
5.1646,-43.0661,52.0625
5.1646,-43.0661,52.0625
5.1646,-43.0661,52.0625
5.1646,-43.0661,52.0625
5.1646,-43.0661,52.0625
5.1646,-43.0661,52.0625
5.1646,-43.0661,52.0625
5.1646,-43.0661,52.0625
5.1646,-43.0661,52.0625
5.1646,-43.0661,52.0625
5.1646,-43.0661,52.0625
5.1646,-43.0661,52.0625
5.1646,-43.0661,52.0625
4.5815,-44.8154,51.646
4.5815,-44.8154,51.646
4.5815,-44.8154,51.646
4.5815,-44.8154,51.646
4.5815,-44.8154,51.646
4.5815,-44.8154,51.646
4.5815,-44.8154,51.646
4.5815,-44.8154,51.646
4.5815,-44.8154,51.646
4.5815,-44.8154,51.646
4.5815,-44.8154,51.646
4.5815,-44.8154,51.646
7.7469,-47.2311,52.479
7.7469,-47.2311,52.479
7.7469,-47.2311,52.479
7.7469,-47.2311,52.479
7.7469,-47.2311,52.479
7.7469,-47.2311,52.479
7.7469,-47.2311,52.479
7.7469,-47.2311,52.479
7.7469,-47.2311,52.479
7.7469,-47.2311,52.479
7.7469,-47.2311,52.479
7.7469,-47.2311,52.479
7.7469,-47.2311,52.479
7.7469,-47.2311,52.479
7.9968,-48.8138,51.8126
7.9968,-48.8138,51.8126
7.9968,-48.8138,51.8126
7.9968,-48.8138,51.8126
7.9968,-48.8138,51.8126
7.9968,-48.8138,51.8126
7.9968,-48.8138,51.8126
7.9968,-48.8138,51.8126
7.9968,-48.8138,51.8126
7.9968,-48.8138,51.8126
7.9968,-48.8138,51.8126
7.9968,-48.8138,51.8126
7.9968,-48.8138,51.8126
7.9968,-48.8138,51.8126
4.998,-45.8983,52.0625
4.998,-45.8983,52.0625
4.998,-45.8983,52.0625
4.998,-45.8983,52.0625
4.998,-45.8983,52.0625
4.998,-45.8983,52.0625
4.998,-45.8983,52.0625
4.998,-45.8983,52.0625
4.998,-45.8983,52.0625
4.998,-45.8983,52.0625
4.998,-45.8983,52.0625
4.998,-45.8983,52.0625
6.7473,-47.0645,52.2291
6.7473,-47.0645,52.2291
6.7473,-47.0645,52.2291
6.7473,-47.0645,52.2291
6.7473,-47.0645,52.2291
6.7473,-47.0645,52.2291
6.7473,-47.0645,52.2291
6.7473,-47.0645,52.2291
6.7473,-47.0645,52.2291
6.7473,-47.0645,52.2291
6.7473,-47.0645,52.2291
6.7473,-47.0645,52.2291
7.3304,-45.4818,50.813
7.3304,-45.4818,50.813
7.3304,-45.4818,50.813
7.3304,-45.4818,50.813
7.3304,-45.4818,50.813
7.3304,-45.4818,50.813
7.3304,-45.4818,50.813
7.3304,-45.4818,50.813
7.3304,-45.4818,50.813
7.3304,-45.4818,50.813
7.3304,-45.4818,50.813
7.3304,-45.4818,50.813
7.3304,-45.4818,50.813
7.3304,-45.4818,50.813
7.7469,-48.9804,53.1454
7.7469,-48.9804,53.1454
7.7469,-48.9804,53.1454
7.7469,-48.9804,53.1454
7.7469,-48.9804,53.1454
7.7469,-48.9804,53.1454
7.7469,-48.9804,53.1454
7.7469,-48.9804,53.1454
7.7469,-48.9804,53.1454
7.7469,-48.9804,53.1454
7.7469,-48.9804,53.1454
7.7469,-48.9804,53.1454
7.7469,-48.9804,53.1454
7.7469,-48.9804,53.1454
7.3304,-49.3969,51.646
7.3304,-49.3969,51.646
7.3304,-49.3969,51.646
7.3304,-49.3969,51.646
7.3304,-49.3969,51.646
7.3304,-49.3969,51.646
7.3304,-49.3969,51.646
7.3304,-49.3969,51.646
7.3304,-49.3969,51.646
7.3304,-49.3969,51.646
7.3304,-49.3969,51.646
7.3304,-49.3969,51.646
7.1638,-45.4818,51.8126
7.1638,-45.4818,51.8126
7.1638,-45.4818,51.8126
7.1638,-45.4818,51.8126
7.1638,-45.4818,51.8126
7.1638,-45.4818,51.8126
7.1638,-45.4818,51.8126
7.1638,-45.4818,51.8126
7.1638,-45.4818,51.8126
7.1638,-45.4818,51.8126
7.1638,-45.4818,51.8126
7.1638,-45.4818,51.8126
7.1638,-45.4818,51.8126
7.1638,-45.4818,51.8126
6.9139,-47.2311,49.98
6.9139,-47.2311,49.98
6.9139,-47.2311,49.98
6.9139,-47.2311,49.98
6.9139,-47.2311,49.98
6.9139,-47.2311,49.98
6.9139,-47.2311,49.98
6.9139,-47.2311,49.98
6.9139,-47.2311,49.98
6.9139,-47.2311,49.98
6.9139,-47.2311,49.98
6.9139,-47.2311,49.98
3.9151,-48.314,48.0641
3.9151,-48.314,48.0641
3.9151,-48.314,48.0641
3.9151,-48.314,48.0641
3.9151,-48.314,48.0641
3.9151,-48.314,48.0641
3.9151,-48.314,48.0641
3.9151,-48.314,48.0641
3.9151,-48.314,48.0641
3.9151,-48.314,48.0641
3.9151,-48.314,48.0641
3.9151,-48.314,48.0641
7.1638,-47.2311,50.5631
7.1638,-47.2311,50.5631
7.1638,-47.2311,50.5631
7.1638,-47.2311,50.5631
7.1638,-47.2311,50.5631
7.1638,-47.2311,50.5631
7.1638,-47.2311,50.5631
7.1638,-47.2311,50.5631
7.1638,-47.2311,50.5631
7.1638,-47.2311,50.5631
7.1638,-47.2311,50.5631
7.1638,-47.2311,50.5631
7.1638,-47.2311,50.5631
3.1654,-43.0661,51.8126
3.1654,-43.0661,51.8126
3.1654,-43.0661,51.8126
3.1654,-43.0661,51.8126
3.1654,-43.0661,51.8126
3.1654,-43.0661,51.8126
3.1654,-43.0661,51.8126
3.1654,-43.0661,51.8126
3.1654,-43.0661,51.8126
3.1654,-43.0661,51.8126
3.1654,-43.0661,51.8126
3.1654,-43.0661,51.8126
3.1654,-43.0661,51.8126
5.1646,-43.0661,50.1466
5.1646,-43.0661,50.1466
5.1646,-43.0661,50.1466
5.1646,-43.0661,50.1466
5.1646,-43.0661,50.1466
5.1646,-43.0661,50.1466
5.1646,-43.0661,50.1466
5.1646,-43.0661,50.1466
5.1646,-43.0661,50.1466
5.1646,-43.0661,50.1466
5.1646,-43.0661,50.1466
5.1646,-43.0661,50.1466
5.1646,-43.0661,50.1466
4.165,-46.648,49.5635
4.165,-46.648,49.5635
4.165,-46.648,49.5635
4.165,-46.648,49.5635
4.165,-46.648,49.5635
4.165,-46.648,49.5635
4.165,-46.648,49.5635
4.165,-46.648,49.5635
4.165,-46.648,49.5635
4.165,-46.648,49.5635
4.165,-46.648,49.5635
4.165,-46.648,49.5635
4.165,-46.648,49.5635
5.831,-42.8995,49.7301
5.831,-42.8995,49.7301
5.831,-42.8995,49.7301
5.831,-42.8995,49.7301
5.831,-42.8995,49.7301
5.831,-42.8995,49.7301
5.831,-42.8995,49.7301
5.831,-42.8995,49.7301
5.831,-42.8995,49.7301
5.831,-42.8995,49.7301
5.831,-42.8995,49.7301
5.831,-42.8995,49.7301
5.831,-42.8995,49.7301
5.5811,-45.8983,51.8126
5.5811,-45.8983,51.8126
5.5811,-45.8983,51.8126
5.5811,-45.8983,51.8126
5.5811,-45.8983,51.8126
5.5811,-45.8983,51.8126
5.5811,-45.8983,51.8126
5.5811,-45.8983,51.8126
5.5811,-45.8983,51.8126
5.5811,-45.8983,51.8126
5.5811,-45.8983,51.8126
5.5811,-45.8983,51.8126
5.5811,-45.8983,51.8126
7.7469,-46.648,51.8126
7.7469,-46.648,51.8126
7.7469,-46.648,51.8126
7.7469,-46.648,51.8126
7.7469,-46.648,51.8126
7.7469,-46.648,51.8126
7.7469,-46.648,51.8126
7.7469,-46.648,51.8126
7.7469,-46.648,51.8126
7.7469,-46.648,51.8126
7.7469,-46.648,51.8126
7.7469,-46.648,51.8126
7.7469,-46.648,51.8126
6.4141,-45.2319,50.813
6.4141,-45.2319,50.813
6.4141,-45.2319,50.813
6.4141,-45.2319,50.813
6.4141,-45.2319,50.813
6.4141,-45.2319,50.813
6.4141,-45.2319,50.813
6.4141,-45.2319,50.813
6.4141,-45.2319,50.813
6.4141,-45.2319,50.813
6.4141,-45.2319,50.813
6.4141,-45.2319,50.813
6.4141,-45.2319,50.813
6.4141,-45.2319,50.813
7.5803,-44.8154,49.3136
7.5803,-44.8154,49.3136
7.5803,-44.8154,49.3136
7.5803,-44.8154,49.3136
7.5803,-44.8154,49.3136
7.5803,-44.8154,49.3136
7.5803,-44.8154,49.3136
7.5803,-44.8154,49.3136
7.5803,-44.8154,49.3136
7.5803,-44.8154,49.3136
7.5803,-44.8154,49.3136
7.5803,-44.8154,49.3136
7.5803,-44.8154,49.3136
8.5799,-49.6468,50.813
8.5799,-49.6468,50.813
8.5799,-49.6468,50.813
8.5799,-49.6468,50.813
8.5799,-49.6468,50.813
8.5799,-49.6468,50.813
8.5799,-49.6468,50.813
8.5799,-49.6468,50.813
8.5799,-49.6468,50.813
8.5799,-49.6468,50.813
8.5799,-49.6468,50.813
8.5799,-49.6468,50.813
6.9139,-46.648,52.6456
6.9139,-46.648,52.6456
6.9139,-46.648,52.6456
6.9139,-46.648,52.6456
6.9139,-46.648,52.6456
6.9139,-46.648,52.6456
6.9139,-46.648,52.6456
6.9139,-46.648,52.6456
6.9139,-46.648,52.6456
6.9139,-46.648,52.6456
6.9139,-46.648,52.6456
6.9139,-46.648,52.6456
6.9139,-46.648,52.6456
6.9139,-46.648,52.6456
5.4145,-43.7325,49.98
5.4145,-43.7325,49.98
5.4145,-43.7325,49.98
5.4145,-43.7325,49.98
5.4145,-43.7325,49.98
5.4145,-43.7325,49.98
5.4145,-43.7325,49.98
5.4145,-43.7325,49.98
5.4145,-43.7325,49.98
5.4145,-43.7325,49.98
5.4145,-43.7325,49.98
5.4145,-43.7325,49.98
4.998,-48.314,49.98
4.998,-48.314,49.98
4.998,-48.314,49.98
4.998,-48.314,49.98
4.998,-48.314,49.98
4.998,-48.314,49.98
4.998,-48.314,49.98
4.998,-48.314,49.98
4.998,-48.314,49.98
4.998,-48.314,49.98
4.998,-48.314,49.98
4.998,-48.314,49.98
4.998,-48.314,49.98
5.831,-46.0649,50.9796
5.831,-46.0649,50.9796
5.831,-46.0649,50.9796
5.831,-46.0649,50.9796
5.831,-46.0649,50.9796
5.831,-46.0649,50.9796
5.831,-46.0649,50.9796
5.831,-46.0649,50.9796
5.831,-46.0649,50.9796
5.831,-46.0649,50.9796
5.831,-46.0649,50.9796
5.831,-46.0649,50.9796
5.831,-46.0649,50.9796
4.7481,-48.4806,51.2295
4.7481,-48.4806,51.2295
4.7481,-48.4806,51.2295
4.7481,-48.4806,51.2295
4.7481,-48.4806,51.2295
4.7481,-48.4806,51.2295
4.7481,-48.4806,51.2295
4.7481,-48.4806,51.2295
4.7481,-48.4806,51.2295
4.7481,-48.4806,51.2295
4.7481,-48.4806,51.2295
4.7481,-48.4806,51.2295
4.7481,-48.4806,51.2295
8.163401,-44.8154,50.5631
8.163401,-44.8154,50.5631
8.163401,-44.8154,50.5631
8.163401,-44.8154,50.5631
8.163401,-44.8154,50.5631
8.163401,-44.8154,50.5631
8.163401,-44.8154,50.5631
8.163401,-44.8154,50.5631
8.163401,-44.8154,50.5631
8.163401,-44.8154,50.5631
8.163401,-44.8154,50.5631
8.163401,-44.8154,50.5631
8.163401,-44.8154,50.5631
8.163401,-44.8154,50.5631
6.2475,-49.6468,53.1454
6.2475,-49.6468,53.1454
6.2475,-49.6468,53.1454
6.2475,-49.6468,53.1454
6.2475,-49.6468,53.1454
6.2475,-49.6468,53.1454
6.2475,-49.6468,53.1454
6.2475,-49.6468,53.1454
6.2475,-49.6468,53.1454
6.2475,-49.6468,53.1454
6.2475,-49.6468,53.1454
8.413301,-48.8138,52.6456
8.413301,-48.8138,52.6456
8.413301,-48.8138,52.6456
8.413301,-48.8138,52.6456
8.413301,-48.8138,52.6456
8.413301,-48.8138,52.6456
8.413301,-48.8138,52.6456
8.413301,-48.8138,52.6456
8.413301,-48.8138,52.6456
8.413301,-48.8138,52.6456
8.413301,-48.8138,52.6456
8.413301,-48.8138,52.6456
8.413301,-48.8138,52.6456
8.413301,-48.8138,52.6456
4.998,-45.4818,48.7305
4.998,-45.4818,48.7305
4.998,-45.4818,48.7305
4.998,-45.4818,48.7305
4.998,-45.4818,48.7305
4.998,-45.4818,48.7305
4.998,-45.4818,48.7305
4.998,-45.4818,48.7305
4.998,-45.4818,48.7305
4.998,-45.4818,48.7305
4.998,-45.4818,48.7305
4.998,-45.4818,48.7305
4.998,-45.4818,48.7305
-3.4986,-42.8995,49.98
-3.4986,-42.8995,49.98
-3.4986,-42.8995,49.98
-3.4986,-42.8995,49.98
-3.4986,-42.8995,49.98
-3.4986,-42.8995,49.98
-3.4986,-42.8995,49.98
-3.4986,-42.8995,49.98
-3.4986,-42.8995,49.98
-3.4986,-42.8995,49.98
-3.4986,-42.8995,49.98
-3.4986,-42.8995,49.98
-3.4986,-42.8995,49.98
-5.831,-53.9784,47.0645
-5.831,-53.9784,47.0645
-5.831,-53.9784,47.0645
-5.831,-53.9784,47.0645
-5.831,-53.9784,47.0645
-5.831,-53.9784,47.0645
-5.831,-53.9784,47.0645
-5.831,-53.9784,47.0645
-5.831,-53.9784,47.0645
-5.831,-53.9784,47.0645
-5.831,-53.9784,47.0645
-5.831,-53.9784,47.0645
-5.831,-53.9784,47.0645
-5.831,-53.9784,47.0645
-5.831,-49.6468,52.2291
-5.831,-49.6468,52.2291
-5.831,-49.6468,52.2291
-5.831,-49.6468,52.2291
-5.831,-49.6468,52.2291
-5.831,-49.6468,52.2291
-5.831,-49.6468,52.2291
-5.831,-49.6468,52.2291
-5.831,-49.6468,52.2291
-5.831,-49.6468,52.2291
-5.831,-49.6468,52.2291
-5.831,-49.6468,52.2291
-3.9151,-51.646,49.7301
-3.9151,-51.646,49.7301
-3.9151,-51.646,49.7301
-3.9151,-51.646,49.7301
-3.9151,-51.646,49.7301
-3.9151,-51.646,49.7301
-3.9151,-51.646,49.7301
-3.9151,-51.646,49.7301
-3.9151,-51.646,49.7301
-3.9151,-51.646,49.7301
-3.9151,-51.646,49.7301
-3.9151,-51.646,49.7301
-3.9151,-51.646,49.7301
-3.9151,-51.646,49.7301
2.1658,-52.6456,53.9784
2.1658,-52.6456,53.9784
2.1658,-52.6456,53.9784
2.1658,-52.6456,53.9784
2.1658,-52.6456,53.9784
2.1658,-52.6456,53.9784
2.1658,-52.6456,53.9784
2.1658,-52.6456,53.9784
2.1658,-52.6456,53.9784
2.1658,-52.6456,53.9784
2.1658,-52.6456,53.9784
2.1658,-52.6456,53.9784
5.1646,-52.8955,53.9784
5.1646,-52.8955,53.9784
5.1646,-52.8955,53.9784
5.1646,-52.8955,53.9784
5.1646,-52.8955,53.9784
5.1646,-52.8955,53.9784
5.1646,-52.8955,53.9784
5.1646,-52.8955,53.9784
5.1646,-52.8955,53.9784
5.1646,-52.8955,53.9784
5.1646,-52.8955,53.9784
5.1646,-52.8955,53.9784
4.7481,-52.479,58.3933
4.7481,-52.479,58.3933
4.7481,-52.479,58.3933
4.7481,-52.479,58.3933
4.7481,-52.479,58.3933
4.7481,-52.479,58.3933
4.7481,-52.479,58.3933
4.7481,-52.479,58.3933
4.7481,-52.479,58.3933
4.7481,-52.479,58.3933
4.7481,-52.479,58.3933
4.7481,-52.479,58.3933
4.7481,-52.479,58.3933
4.7481,-52.479,58.3933
7.5803,-55.2279,54.3949
7.5803,-55.2279,54.3949
7.5803,-55.2279,54.3949
7.5803,-55.2279,54.3949
7.5803,-55.2279,54.3949
7.5803,-55.2279,54.3949
7.5803,-55.2279,54.3949
7.5803,-55.2279,54.3949
7.5803,-55.2279,54.3949
7.5803,-55.2279,54.3949
7.5803,-55.2279,54.3949
7.5803,-55.2279,54.3949
7.5803,-55.2279,54.3949
5.4145,-54.8114,53.5619
5.4145,-54.8114,53.5619
5.4145,-54.8114,53.5619
5.4145,-54.8114,53.5619
5.4145,-54.8114,53.5619
5.4145,-54.8114,53.5619
5.4145,-54.8114,53.5619
5.4145,-54.8114,53.5619
5.4145,-54.8114,53.5619
5.4145,-54.8114,53.5619
5.4145,-54.8114,53.5619
5.4145,-54.8114,53.5619
5.4145,-54.8114,53.5619
8.829801,-56.2275,52.6456
8.829801,-56.2275,52.6456
8.829801,-56.2275,52.6456
8.829801,-56.2275,52.6456
8.829801,-56.2275,52.6456
8.829801,-56.2275,52.6456
8.829801,-56.2275,52.6456
8.829801,-56.2275,52.6456
8.829801,-56.2275,52.6456
8.829801,-56.2275,52.6456
8.829801,-56.2275,52.6456
8.829801,-56.2275,52.6456
8.829801,-56.2275,52.6456
7.1638,-57.8935,55.6444
7.1638,-57.8935,55.6444
7.1638,-57.8935,55.6444
7.1638,-57.8935,55.6444
7.1638,-57.8935,55.6444
7.1638,-57.8935,55.6444
7.1638,-57.8935,55.6444
7.1638,-57.8935,55.6444
7.1638,-57.8935,55.6444
7.1638,-57.8935,55.6444
7.1638,-57.8935,55.6444
7.1638,-57.8935,55.6444
7.1638,-57.8935,55.6444
6.7473,-54.8114,56.3108
6.7473,-54.8114,56.3108
6.7473,-54.8114,56.3108
6.7473,-54.8114,56.3108
6.7473,-54.8114,56.3108
6.7473,-54.8114,56.3108
6.7473,-54.8114,56.3108
6.7473,-54.8114,56.3108
6.7473,-54.8114,56.3108
6.7473,-54.8114,56.3108
6.7473,-54.8114,56.3108
6.7473,-54.8114,56.3108
4.7481,-54.3949,52.479
4.7481,-54.3949,52.479
4.7481,-54.3949,52.479
4.7481,-54.3949,52.479
4.7481,-54.3949,52.479
4.7481,-54.3949,52.479
4.7481,-54.3949,52.479
4.7481,-54.3949,52.479
4.7481,-54.3949,52.479
4.7481,-54.3949,52.479
4.7481,-54.3949,52.479
4.7481,-54.3949,52.479
4.7481,-54.3949,52.479
6.4141,-53.8118,53.9784
6.4141,-53.8118,53.9784
6.4141,-53.8118,53.9784
6.4141,-53.8118,53.9784
6.4141,-53.8118,53.9784
6.4141,-53.8118,53.9784
6.4141,-53.8118,53.9784
6.4141,-53.8118,53.9784
6.4141,-53.8118,53.9784
6.4141,-53.8118,53.9784
6.4141,-53.8118,53.9784
6.4141,-53.8118,53.9784
6.4141,-53.8118,53.9784
5.1646,-56.8106,57.1438
5.1646,-56.8106,57.1438
5.1646,-56.8106,57.1438
5.1646,-56.8106,57.1438
5.1646,-56.8106,57.1438
5.1646,-56.8106,57.1438
5.1646,-56.8106,57.1438
5.1646,-56.8106,57.1438
5.1646,-56.8106,57.1438
5.1646,-56.8106,57.1438
5.1646,-56.8106,57.1438
5.1646,-56.8106,57.1438
5.1646,-56.8106,57.1438
6.4141,-59.2263,52.0625
6.4141,-59.2263,52.0625
6.4141,-59.2263,52.0625
6.4141,-59.2263,52.0625
6.4141,-59.2263,52.0625
6.4141,-59.2263,52.0625
6.4141,-59.2263,52.0625
6.4141,-59.2263,52.0625
6.4141,-59.2263,52.0625
6.4141,-59.2263,52.0625
6.4141,-59.2263,52.0625
6.4141,-59.2263,52.0625
6.4141,-59.2263,52.0625
9.6628,-59.6428,53.3953
9.6628,-59.6428,53.3953
9.6628,-59.6428,53.3953
9.6628,-59.6428,53.3953
9.6628,-59.6428,53.3953
9.6628,-59.6428,53.3953
9.6628,-59.6428,53.3953
9.6628,-59.6428,53.3953
9.6628,-59.6428,53.3953
9.6628,-59.6428,53.3953
9.6628,-59.6428,53.3953
9.6628,-59.6428,53.3953
9.6628,-59.6428,53.3953
9.2463,-56.644,54.3949
9.2463,-56.644,54.3949
9.2463,-56.644,54.3949
9.2463,-56.644,54.3949
9.2463,-56.644,54.3949
9.2463,-56.644,54.3949
9.2463,-56.644,54.3949
9.2463,-56.644,54.3949
9.2463,-56.644,54.3949
9.2463,-56.644,54.3949
9.2463,-56.644,54.3949
9.2463,-56.644,54.3949
9.2463,-56.644,54.3949
8.413301,-55.0613,53.8118
8.413301,-55.0613,53.8118
8.413301,-55.0613,53.8118
8.413301,-55.0613,53.8118
8.413301,-55.0613,53.8118
8.413301,-55.0613,53.8118
8.413301,-55.0613,53.8118
8.413301,-55.0613,53.8118
8.413301,-55.0613,53.8118
8.413301,-55.0613,53.8118
8.413301,-55.0613,53.8118
8.413301,-55.0613,53.8118
8.413301,-55.0613,53.8118
8.413301,-55.0613,53.8118
7.7469,-56.2275,51.3961
7.7469,-56.2275,51.3961
7.7469,-56.2275,51.3961
7.7469,-56.2275,51.3961
7.7469,-56.2275,51.3961
7.7469,-56.2275,51.3961
7.7469,-56.2275,51.3961
7.7469,-56.2275,51.3961
7.7469,-56.2275,51.3961
7.7469,-56.2275,51.3961
7.7469,-56.2275,51.3961
7.7469,-56.2275,51.3961
7.7469,-56.2275,51.3961
5.4145,-57.477,55.0613
5.4145,-57.477,55.0613
5.4145,-57.477,55.0613
5.4145,-57.477,55.0613
5.4145,-57.477,55.0613
5.4145,-57.477,55.0613
5.4145,-57.477,55.0613
5.4145,-57.477,55.0613
5.4145,-57.477,55.0613
5.4145,-57.477,55.0613
5.4145,-57.477,55.0613
5.4145,-57.477,55.0613
5.4145,-57.477,55.0613
9.2463,-64.3909,53.8118
9.2463,-64.3909,53.8118
9.2463,-64.3909,53.8118
9.2463,-64.3909,53.8118
9.2463,-64.3909,53.8118
9.2463,-64.3909,53.8118
9.2463,-64.3909,53.8118
9.2463,-64.3909,53.8118
9.2463,-64.3909,53.8118
9.2463,-64.3909,53.8118
9.2463,-64.3909,53.8118
9.2463,-64.3909,53.8118
9.2463,-64.3909,53.8118
8.163401,-56.8106,53.1454
8.163401,-56.8106,53.1454
8.163401,-56.8106,53.1454
8.163401,-56.8106,53.1454
8.163401,-56.8106,53.1454
8.163401,-56.8106,53.1454
8.163401,-56.8106,53.1454
8.163401,-56.8106,53.1454
8.163401,-56.8106,53.1454
8.163401,-56.8106,53.1454
8.163401,-56.8106,53.1454
8.163401,-56.8106,53.1454
8.163401,-56.8106,53.1454
8.413301,-56.3941,52.0625
8.413301,-56.3941,52.0625
8.413301,-56.3941,52.0625
8.413301,-56.3941,52.0625
8.413301,-56.3941,52.0625
8.413301,-56.3941,52.0625
8.413301,-56.3941,52.0625
8.413301,-56.3941,52.0625
8.413301,-56.3941,52.0625
8.413301,-56.3941,52.0625
8.413301,-56.3941,52.0625
8.413301,-56.3941,52.0625
8.413301,-56.3941,52.0625
5.4145,-60.2259,51.3961
5.4145,-60.2259,51.3961
5.4145,-60.2259,51.3961
5.4145,-60.2259,51.3961
5.4145,-60.2259,51.3961
5.4145,-60.2259,51.3961
5.4145,-60.2259,51.3961
5.4145,-60.2259,51.3961
5.4145,-60.2259,51.3961
5.4145,-60.2259,51.3961
5.4145,-60.2259,51.3961
5.4145,-60.2259,51.3961
5.4145,-60.2259,51.3961
10.4125,-59.6428,54.6448
10.4125,-59.6428,54.6448
10.4125,-59.6428,54.6448
10.4125,-59.6428,54.6448
10.4125,-59.6428,54.6448
10.4125,-59.6428,54.6448
10.4125,-59.6428,54.6448
10.4125,-59.6428,54.6448
10.4125,-59.6428,54.6448
10.4125,-59.6428,54.6448
10.4125,-59.6428,54.6448
10.4125,-59.6428,54.6448
10.4125,-59.6428,54.6448
9.4129,-58.3933,52.0625
9.4129,-58.3933,52.0625
9.4129,-58.3933,52.0625
9.4129,-58.3933,52.0625
9.4129,-58.3933,52.0625
9.4129,-58.3933,52.0625
9.4129,-58.3933,52.0625
9.4129,-58.3933,52.0625
9.4129,-58.3933,52.0625
9.4129,-58.3933,52.0625
9.4129,-58.3933,52.0625
9.4129,-58.3933,52.0625
9.4129,-58.3933,52.0625
8.413301,-54.6448,55.8943
8.413301,-54.6448,55.8943
8.413301,-54.6448,55.8943
8.413301,-54.6448,55.8943
8.413301,-54.6448,55.8943
8.413301,-54.6448,55.8943
8.413301,-54.6448,55.8943
8.413301,-54.6448,55.8943
8.413301,-54.6448,55.8943
8.413301,-54.6448,55.8943
8.413301,-54.6448,55.8943
8.413301,-54.6448,55.8943
8.413301,-54.6448,55.8943
6.4141,-60.0593,55.2279
6.4141,-60.0593,55.2279
6.4141,-60.0593,55.2279
6.4141,-60.0593,55.2279
6.4141,-60.0593,55.2279
6.4141,-60.0593,55.2279
6.4141,-60.0593,55.2279
6.4141,-60.0593,55.2279
6.4141,-60.0593,55.2279
6.4141,-60.0593,55.2279
6.4141,-60.0593,55.2279
6.4141,-60.0593,55.2279
6.4141,-60.0593,55.2279
8.413301,-57.0605,53.8118
8.413301,-57.0605,53.8118
8.413301,-57.0605,53.8118
8.413301,-57.0605,53.8118
8.413301,-57.0605,53.8118
8.413301,-57.0605,53.8118
8.413301,-57.0605,53.8118
8.413301,-57.0605,53.8118
8.413301,-57.0605,53.8118
8.413301,-57.0605,53.8118
8.413301,-57.0605,53.8118
8.413301,-57.0605,53.8118
8.413301,-57.0605,53.8118
8.413301,-57.0605,53.8118
11.2455,-58.1434,55.2279
11.2455,-58.1434,55.2279
11.2455,-58.1434,55.2279
11.2455,-58.1434,55.2279
11.2455,-58.1434,55.2279
11.2455,-58.1434,55.2279
11.2455,-58.1434,55.2279
11.2455,-58.1434,55.2279
11.2455,-58.1434,55.2279
11.2455,-58.1434,55.2279
11.2455,-58.1434,55.2279
11.2455,-58.1434,55.2279
6.4141,-58.5599,51.2295
6.4141,-58.5599,51.2295
6.4141,-58.5599,51.2295
6.4141,-58.5599,51.2295
6.4141,-58.5599,51.2295
6.4141,-58.5599,51.2295
6.4141,-58.5599,51.2295
6.4141,-58.5599,51.2295
6.4141,-58.5599,51.2295
6.4141,-58.5599,51.2295
6.4141,-58.5599,51.2295
6.4141,-58.5599,51.2295
6.4141,-58.5599,51.2295
6.4141,-58.5599,51.2295
7.3304,-58.3933,53.9784
7.3304,-58.3933,53.9784
7.3304,-58.3933,53.9784
7.3304,-58.3933,53.9784
7.3304,-58.3933,53.9784
7.3304,-58.3933,53.9784
7.3304,-58.3933,53.9784
7.3304,-58.3933,53.9784
7.3304,-58.3933,53.9784
7.3304,-58.3933,53.9784
7.3304,-58.3933,53.9784
7.3304,-58.3933,53.9784
7.3304,-58.3933,53.9784
9.2463,-57.2271,53.5619
9.2463,-57.2271,53.5619
9.2463,-57.2271,53.5619
9.2463,-57.2271,53.5619
9.2463,-57.2271,53.5619
9.2463,-57.2271,53.5619
9.2463,-57.2271,53.5619
9.2463,-57.2271,53.5619
9.2463,-57.2271,53.5619
9.2463,-57.2271,53.5619
9.2463,-57.2271,53.5619
9.2463,-57.2271,53.5619
9.2463,-57.2271,53.5619
7.3304,-58.8098,53.5619
7.3304,-58.8098,53.5619
7.3304,-58.8098,53.5619
7.3304,-58.8098,53.5619
7.3304,-58.8098,53.5619
7.3304,-58.8098,53.5619
7.3304,-58.8098,53.5619
7.3304,-58.8098,53.5619
7.3304,-58.8098,53.5619
7.3304,-58.8098,53.5619
7.3304,-58.8098,53.5619
7.3304,-58.8098,53.5619
5.831,-53.8118,54.3949
5.831,-53.8118,54.3949
5.831,-53.8118,54.3949
5.831,-53.8118,54.3949
5.831,-53.8118,54.3949
5.831,-53.8118,54.3949
5.831,-53.8118,54.3949
5.831,-53.8118,54.3949
5.831,-53.8118,54.3949
5.831,-53.8118,54.3949
5.831,-53.8118,54.3949
5.831,-53.8118,54.3949
5.831,-53.8118,54.3949
11.8286,-59.3929,51.646
11.8286,-59.3929,51.646
11.8286,-59.3929,51.646
11.8286,-59.3929,51.646
11.8286,-59.3929,51.646
11.8286,-59.3929,51.646
11.8286,-59.3929,51.646
11.8286,-59.3929,51.646
11.8286,-59.3929,51.646
11.8286,-59.3929,51.646
11.8286,-59.3929,51.646
11.8286,-59.3929,51.646
11.8286,-59.3929,51.646
8.5799,-57.477,55.6444
8.5799,-57.477,55.6444
8.5799,-57.477,55.6444
8.5799,-57.477,55.6444
8.5799,-57.477,55.6444
8.5799,-57.477,55.6444
8.5799,-57.477,55.6444
8.5799,-57.477,55.6444
8.5799,-57.477,55.6444
8.5799,-57.477,55.6444
8.5799,-57.477,55.6444
8.5799,-57.477,55.6444
8.5799,-57.477,55.6444
8.829801,-58.8098,52.8955
8.829801,-58.8098,52.8955
8.829801,-58.8098,52.8955
8.829801,-58.8098,52.8955
8.829801,-58.8098,52.8955
8.829801,-58.8098,52.8955
8.829801,-58.8098,52.8955
8.829801,-58.8098,52.8955
8.829801,-58.8098,52.8955
8.829801,-58.8098,52.8955
8.829801,-58.8098,52.8955
8.829801,-58.8098,52.8955
8.829801,-58.8098,52.8955
7.9968,-59.3929,51.2295
7.9968,-59.3929,51.2295
7.9968,-59.3929,51.2295
7.9968,-59.3929,51.2295
7.9968,-59.3929,51.2295
7.9968,-59.3929,51.2295
7.9968,-59.3929,51.2295
7.9968,-59.3929,51.2295
7.9968,-59.3929,51.2295
7.9968,-59.3929,51.2295
7.9968,-59.3929,51.2295
7.9968,-59.3929,51.2295
7.9968,-59.3929,51.2295
7.9968,-59.3929,51.2295
11.2455,-58.3933,55.6444
11.2455,-58.3933,55.6444
11.2455,-58.3933,55.6444
11.2455,-58.3933,55.6444
11.2455,-58.3933,55.6444
11.2455,-58.3933,55.6444
11.2455,-58.3933,55.6444
11.2455,-58.3933,55.6444
11.2455,-58.3933,55.6444
11.2455,-58.3933,55.6444
11.2455,-58.3933,55.6444
11.2455,-58.3933,55.6444
6.4974,-59.2263,54.3949
6.4974,-59.2263,54.3949
6.4974,-59.2263,54.3949
6.4974,-59.2263,54.3949
6.4974,-59.2263,54.3949
6.4974,-59.2263,54.3949
6.4974,-59.2263,54.3949
6.4974,-59.2263,54.3949
6.4974,-59.2263,54.3949
6.4974,-59.2263,54.3949
6.4974,-59.2263,54.3949
6.4974,-59.2263,54.3949
6.4974,-59.2263,54.3949
7.7469,-58.3933,52.0625
7.7469,-58.3933,52.0625
7.7469,-58.3933,52.0625
7.7469,-58.3933,52.0625
7.7469,-58.3933,52.0625
7.7469,-58.3933,52.0625
7.7469,-58.3933,52.0625
7.7469,-58.3933,52.0625
7.7469,-58.3933,52.0625
7.7469,-58.3933,52.0625
7.7469,-58.3933,52.0625
7.7469,-58.3933,52.0625
7.7469,-58.3933,52.0625
7.7469,-58.3933,52.0625
7.7469,-58.3933,52.0625
8.5799,-59.6428,51.8126
8.5799,-59.6428,51.8126
8.5799,-59.6428,51.8126
8.5799,-59.6428,51.8126
8.5799,-59.6428,51.8126
8.5799,-59.6428,51.8126
8.5799,-59.6428,51.8126
8.5799,-59.6428,51.8126
8.5799,-59.6428,51.8126
8.5799,-59.6428,51.8126
8.5799,-59.6428,51.8126
7.5803,-53.5619,53.0621
7.5803,-53.5619,53.0621
7.5803,-53.5619,53.0621
7.5803,-53.5619,53.0621
7.5803,-53.5619,53.0621
7.5803,-53.5619,53.0621
7.5803,-53.5619,53.0621
7.5803,-53.5619,53.0621
7.5803,-53.5619,53.0621
7.5803,-53.5619,53.0621
7.5803,-53.5619,53.0621
7.5803,-53.5619,53.0621
8.9964,-55.811,54.2283
8.9964,-55.811,54.2283
8.9964,-55.811,54.2283
8.9964,-55.811,54.2283
8.9964,-55.811,54.2283
8.9964,-55.811,54.2283
8.9964,-55.811,54.2283
8.9964,-55.811,54.2283
8.9964,-55.811,54.2283
8.9964,-55.811,54.2283
8.9964,-55.811,54.2283
8.9964,-55.811,54.2283
8.9964,-55.811,54.2283
9.7461,-56.8106,52.479
9.7461,-56.8106,52.479
9.7461,-56.8106,52.479
9.7461,-56.8106,52.479
9.7461,-56.8106,52.479
9.7461,-56.8106,52.479
9.7461,-56.8106,52.479
9.7461,-56.8106,52.479
9.7461,-56.8106,52.479
9.7461,-56.8106,52.479
9.7461,-56.8106,52.479
9.7461,-56.8106,52.479
9.7461,-56.8106,52.479
7.3304,-58.1434,52.2291
7.3304,-58.1434,52.2291
7.3304,-58.1434,52.2291
7.3304,-58.1434,52.2291
7.3304,-58.1434,52.2291
7.3304,-58.1434,52.2291
7.3304,-58.1434,52.2291
7.3304,-58.1434,52.2291
7.3304,-58.1434,52.2291
7.3304,-58.1434,52.2291
7.3304,-58.1434,52.2291
7.3304,-58.1434,52.2291
8.163401,-56.3941,53.0621
8.163401,-56.3941,53.0621
8.163401,-56.3941,53.0621
8.163401,-56.3941,53.0621
8.163401,-56.3941,53.0621
8.163401,-56.3941,53.0621
8.163401,-56.3941,53.0621
8.163401,-56.3941,53.0621
8.163401,-56.3941,53.0621
8.163401,-56.3941,53.0621
8.163401,-56.3941,53.0621
8.163401,-56.3941,53.0621
8.163401,-56.3941,53.0621
7.9968,-59.8094,53.5619
7.9968,-59.8094,53.5619
7.9968,-59.8094,53.5619
7.9968,-59.8094,53.5619
7.9968,-59.8094,53.5619
7.9968,-59.8094,53.5619
7.9968,-59.8094,53.5619
7.9968,-59.8094,53.5619
7.9968,-59.8094,53.5619
7.9968,-59.8094,53.5619
7.9968,-59.8094,53.5619
7.9968,-59.8094,53.5619
7.9968,-59.8094,53.5619
7.1638,-60.9756,51.8126
7.1638,-60.9756,51.8126
7.1638,-60.9756,51.8126
7.1638,-60.9756,51.8126
7.1638,-60.9756,51.8126
7.1638,-60.9756,51.8126
7.1638,-60.9756,51.8126
7.1638,-60.9756,51.8126
7.1638,-60.9756,51.8126
7.1638,-60.9756,51.8126
7.1638,-60.9756,51.8126
7.1638,-60.9756,51.8126
7.1638,-60.9756,51.8126
7.1638,-60.9756,51.8126
7.1638,-60.9756,51.8126
7.3304,-56.8106,52.6456
7.3304,-56.8106,52.6456
7.3304,-56.8106,52.6456
7.3304,-56.8106,52.6456
7.3304,-56.8106,52.6456
7.3304,-56.8106,52.6456
7.3304,-56.8106,52.6456
7.3304,-56.8106,52.6456
7.3304,-56.8106,52.6456
7.3304,-56.8106,52.6456
7.3304,-56.8106,52.6456
8.829801,-60.2259,50.9796
8.829801,-60.2259,50.9796
8.829801,-60.2259,50.9796
8.829801,-60.2259,50.9796
8.829801,-60.2259,50.9796
8.829801,-60.2259,50.9796
8.829801,-60.2259,50.9796
8.829801,-60.2259,50.9796
8.829801,-60.2259,50.9796
8.829801,-60.2259,50.9796
8.829801,-60.2259,50.9796
8.829801,-60.2259,50.9796
8.829801,-60.2259,50.9796
9.7461,-59.3929,53.1454
9.7461,-59.3929,53.1454
9.7461,-59.3929,53.1454
9.7461,-59.3929,53.1454
9.7461,-59.3929,53.1454
9.7461,-59.3929,53.1454
9.7461,-59.3929,53.1454
9.7461,-59.3929,53.1454
9.7461,-59.3929,53.1454
9.7461,-59.3929,53.1454
9.7461,-59.3929,53.1454
9.7461,-59.3929,53.1454
9.7461,-59.3929,53.1454
11.4121,-57.0605,53.3953
11.4121,-57.0605,53.3953
11.4121,-57.0605,53.3953
11.4121,-57.0605,53.3953
11.4121,-57.0605,53.3953
11.4121,-57.0605,53.3953
11.4121,-57.0605,53.3953
11.4121,-57.0605,53.3953
11.4121,-57.0605,53.3953
11.4121,-57.0605,53.3953
11.4121,-57.0605,53.3953
11.4121,-57.0605,53.3953
11.4121,-57.0605,53.3953
9.2463,-58.3933,53.9784
9.2463,-58.3933,53.9784
9.2463,-58.3933,53.9784
9.2463,-58.3933,53.9784
9.2463,-58.3933,53.9784
9.2463,-58.3933,53.9784
9.2463,-58.3933,53.9784
9.2463,-58.3933,53.9784
9.2463,-58.3933,53.9784
9.2463,-58.3933,53.9784
9.2463,-58.3933,53.9784
9.2463,-58.3933,53.9784
9.2463,-58.3933,53.9784
8.5799,-59.3929,55.0613
8.5799,-59.3929,55.0613
8.5799,-59.3929,55.0613
8.5799,-59.3929,55.0613
8.5799,-59.3929,55.0613
8.5799,-59.3929,55.0613
8.5799,-59.3929,55.0613
8.5799,-59.3929,55.0613
8.5799,-59.3929,55.0613
8.5799,-59.3929,55.0613
8.5799,-59.3929,55.0613
8.5799,-59.3929,55.0613
8.5799,-59.3929,55.0613
12.9115,-58.1434,53.0621
12.9115,-58.1434,53.0621
12.9115,-58.1434,53.0621
12.9115,-58.1434,53.0621
12.9115,-58.1434,53.0621
12.9115,-58.1434,53.0621
12.9115,-58.1434,53.0621
12.9115,-58.1434,53.0621
12.9115,-58.1434,53.0621
12.9115,-58.1434,53.0621
12.9115,-58.1434,53.0621
12.9115,-58.1434,53.0621
12.9115,-58.1434,53.0621
12.9115,-58.1434,53.0621
9.4129,-58.5599,51.646
9.4129,-58.5599,51.646
9.4129,-58.5599,51.646
9.4129,-58.5599,51.646
9.4129,-58.5599,51.646
9.4129,-58.5599,51.646
9.4129,-58.5599,51.646
9.4129,-58.5599,51.646
9.4129,-58.5599,51.646
9.4129,-58.5599,51.646
9.4129,-58.5599,51.646
9.4129,-58.5599,51.646
9.4129,-58.5599,51.646
7.5803,-58.9764,53.5619
7.5803,-58.9764,53.5619
7.5803,-58.9764,53.5619
7.5803,-58.9764,53.5619
7.5803,-58.9764,53.5619
7.5803,-58.9764,53.5619
7.5803,-58.9764,53.5619
7.5803,-58.9764,53.5619
7.5803,-58.9764,53.5619
7.5803,-58.9764,53.5619
7.5803,-58.9764,53.5619
7.5803,-58.9764,53.5619
7.3304,-57.6436,54.2283
7.3304,-57.6436,54.2283
7.3304,-57.6436,54.2283
7.3304,-57.6436,54.2283
7.3304,-57.6436,54.2283
7.3304,-57.6436,54.2283
7.3304,-57.6436,54.2283
7.3304,-57.6436,54.2283
7.3304,-57.6436,54.2283
7.3304,-57.6436,54.2283
7.3304,-57.6436,54.2283
7.3304,-57.6436,54.2283
7.3304,-57.6436,54.2283
10.4125,-58.9764,52.479
10.4125,-58.9764,52.479
10.4125,-58.9764,52.479
10.4125,-58.9764,52.479
10.4125,-58.9764,52.479
10.4125,-58.9764,52.479
10.4125,-58.9764,52.479
10.4125,-58.9764,52.479
10.4125,-58.9764,52.479
10.4125,-58.9764,52.479
10.4125,-58.9764,52.479
10.4125,-58.9764,52.479
10.4125,-58.9764,52.479
0.2499,-53.0621,51.646
0.2499,-53.0621,51.646
0.2499,-53.0621,51.646
0.2499,-53.0621,51.646
0.2499,-53.0621,51.646
0.2499,-53.0621,51.646
0.2499,-53.0621,51.646
0.2499,-53.0621,51.646
0.2499,-53.0621,51.646
0.2499,-53.0621,51.646
0.2499,-53.0621,51.646
0.2499,-53.0621,51.646
0.2499,-53.0621,51.646
0.2499,-53.0621,51.646
-5.5811,-58.9764,49.5635
-5.5811,-58.9764,49.5635
-5.5811,-58.9764,49.5635
-5.5811,-58.9764,49.5635
-5.5811,-58.9764,49.5635
-5.5811,-58.9764,49.5635
-5.5811,-58.9764,49.5635
-5.5811,-58.9764,49.5635
-5.5811,-58.9764,49.5635
-5.5811,-58.9764,49.5635
-5.5811,-58.9764,49.5635
-5.5811,-58.9764,49.5635
-1.9159,-64.2243,38.7345
-1.9159,-64.2243,38.7345
-1.9159,-64.2243,38.7345
-1.9159,-64.2243,38.7345
-1.9159,-64.2243,38.7345
-1.9159,-64.2243,38.7345
-1.9159,-64.2243,38.7345
-1.9159,-64.2243,38.7345
-1.9159,-64.2243,38.7345
-1.9159,-64.2243,38.7345
-1.9159,-64.2243,38.7345
-1.9159,-64.2243,38.7345
-1.9159,-64.2243,38.7345
-1.9159,-64.2243,38.7345
6.4974,-61.3921,35.9856
6.4974,-61.3921,35.9856
6.4974,-61.3921,35.9856
6.4974,-61.3921,35.9856
6.4974,-61.3921,35.9856
6.4974,-61.3921,35.9856
6.4974,-61.3921,35.9856
6.4974,-61.3921,35.9856
6.4974,-61.3921,35.9856
6.4974,-61.3921,35.9856
6.4974,-61.3921,35.9856
6.4974,-61.3921,35.9856
11.662,-59.3929,41.65
11.662,-59.3929,41.65
11.662,-59.3929,41.65
11.662,-59.3929,41.65
11.662,-59.3929,41.65
11.662,-59.3929,41.65
11.662,-59.3929,41.65
11.662,-59.3929,41.65
11.662,-59.3929,41.65
11.662,-59.3929,41.65
11.662,-59.3929,41.65
11.662,-59.3929,41.65
11.662,-59.3929,41.65
11.662,-59.3929,41.65
11.662,-59.3929,41.65
13.9944,-64.3909,45.815
13.9944,-64.3909,45.815
13.9944,-64.3909,45.815
13.9944,-64.3909,45.815
13.9944,-64.3909,45.815
13.9944,-64.3909,45.815
13.9944,-64.3909,45.815
13.9944,-64.3909,45.815
8.413301,-58.8098,45.9816
8.413301,-58.8098,45.9816
8.413301,-58.8098,45.9816
8.413301,-58.8098,45.9816
8.413301,-58.8098,45.9816
8.413301,-58.8098,45.9816
8.413301,-58.8098,45.9816
8.413301,-58.8098,45.9816
8.413301,-58.8098,45.9816
8.413301,-58.8098,45.9816
8.413301,-58.8098,45.9816
8.413301,-58.8098,45.9816
8.413301,-58.8098,45.9816
8.413301,-58.8098,45.9816
10.9956,-57.8935,45.815
10.9956,-57.8935,45.815
10.9956,-57.8935,45.815
10.9956,-57.8935,45.815
10.9956,-57.8935,45.815
10.9956,-57.8935,45.815
10.9956,-57.8935,45.815
10.9956,-57.8935,45.815
10.9956,-57.8935,45.815
10.9956,-57.8935,45.815
10.9956,-57.8935,45.815
10.9956,-57.8935,45.815
13.9944,-58.8098,48.314
13.9944,-58.8098,48.314
13.9944,-58.8098,48.314
13.9944,-58.8098,48.314
13.9944,-58.8098,48.314
13.9944,-58.8098,48.314
13.9944,-58.8098,48.314
13.9944,-58.8098,48.314
13.9944,-58.8098,48.314
13.9944,-58.8098,48.314
13.9944,-58.8098,48.314
13.9944,-58.8098,48.314
13.9944,-58.8098,48.314
13.9944,-58.8098,48.314
13.9944,-58.8098,48.314
10.5791,-58.3933,47.6476
10.5791,-58.3933,47.6476
10.5791,-58.3933,47.6476
10.5791,-58.3933,47.6476
10.5791,-58.3933,47.6476
10.5791,-58.3933,47.6476
10.5791,-58.3933,47.6476
10.5791,-58.3933,47.6476
10.5791,-58.3933,47.6476
10.5791,-58.3933,47.6476
10.5791,-58.3933,47.6476
10.5791,-58.3933,47.6476
10.5791,-58.3933,47.6476
12.2451,-58.5599,49.98
12.2451,-58.5599,49.98
12.2451,-58.5599,49.98
12.2451,-58.5599,49.98
12.2451,-58.5599,49.98
12.2451,-58.5599,49.98
12.2451,-58.5599,49.98
12.2451,-58.5599,49.98
12.2451,-58.5599,49.98
12.2451,-58.5599,49.98
12.2451,-58.5599,49.98
12.2451,-58.5599,49.98
13.1614,-59.6428,46.3981
13.1614,-59.6428,46.3981
13.1614,-59.6428,46.3981
13.1614,-59.6428,46.3981
13.1614,-59.6428,46.3981
13.1614,-59.6428,46.3981
13.1614,-59.6428,46.3981
13.1614,-59.6428,46.3981
13.1614,-59.6428,46.3981
13.1614,-59.6428,46.3981
13.1614,-59.6428,46.3981
13.1614,-59.6428,46.3981
13.1614,-59.6428,46.3981
13.1614,-59.6428,46.3981
12.495,-60.9756,43.4826
12.495,-60.9756,43.4826
12.495,-60.9756,43.4826
12.495,-60.9756,43.4826
12.495,-60.9756,43.4826
12.495,-60.9756,43.4826
12.495,-60.9756,43.4826
12.495,-60.9756,43.4826
12.495,-60.9756,43.4826
12.495,-60.9756,43.4826
12.495,-60.9756,43.4826
12.495,-60.9756,43.4826
12.2451,-58.3933,45.815
12.2451,-58.3933,45.815
12.2451,-58.3933,45.815
12.2451,-58.3933,45.815
12.2451,-58.3933,45.815
12.2451,-58.3933,45.815
12.2451,-58.3933,45.815
12.2451,-58.3933,45.815
12.2451,-58.3933,45.815
12.2451,-58.3933,45.815
12.2451,-58.3933,45.815
12.2451,-58.3933,45.815
12.2451,-58.3933,45.815
12.2451,-58.3933,45.815
13.9944,-57.2271,43.4826
13.9944,-57.2271,43.4826
13.9944,-57.2271,43.4826
13.9944,-57.2271,43.4826
13.9944,-57.2271,43.4826
13.9944,-57.2271,43.4826
13.9944,-57.2271,43.4826
13.9944,-57.2271,43.4826
13.9944,-57.2271,43.4826
13.9944,-57.2271,43.4826
13.9944,-57.2271,43.4826
13.9944,-57.2271,43.4826
13.1614,-59.6428,45.3985
13.1614,-59.6428,45.3985
13.1614,-59.6428,45.3985
13.1614,-59.6428,45.3985
13.1614,-59.6428,45.3985
13.1614,-59.6428,45.3985
13.1614,-59.6428,45.3985
13.1614,-59.6428,45.3985
13.1614,-59.6428,45.3985
13.1614,-59.6428,45.3985
13.1614,-59.6428,45.3985
13.1614,-59.6428,45.3985
11.4121,-53.5619,48.314
11.4121,-53.5619,48.314
11.4121,-53.5619,48.314
11.4121,-53.5619,48.314
11.4121,-53.5619,48.314
11.4121,-53.5619,48.314
11.4121,-53.5619,48.314
11.4121,-53.5619,48.314
11.4121,-53.5619,48.314
11.4121,-53.5619,48.314
11.4121,-53.5619,48.314
11.4121,-53.5619,48.314
11.4121,-53.5619,48.314
11.4121,-53.5619,48.314
10.829,-57.2271,44.5655
10.829,-57.2271,44.5655
10.829,-57.2271,44.5655
10.829,-57.2271,44.5655
10.829,-57.2271,44.5655
10.829,-57.2271,44.5655
10.829,-57.2271,44.5655
10.829,-57.2271,44.5655
10.829,-57.2271,44.5655
10.829,-57.2271,44.5655
10.829,-57.2271,44.5655
10.829,-57.2271,44.5655
10.829,-57.2271,44.5655
10.829,-60.2259,46.648
10.829,-60.2259,46.648
10.829,-60.2259,46.648
10.829,-60.2259,46.648
10.829,-60.2259,46.648
10.829,-60.2259,46.648
10.829,-60.2259,46.648
10.829,-60.2259,46.648
10.829,-60.2259,46.648
10.829,-60.2259,46.648
10.829,-60.2259,46.648
10.829,-60.2259,46.648
10.829,-60.2259,46.648
14.4109,-55.9776,45.5651
14.4109,-55.9776,45.5651
14.4109,-55.9776,45.5651
14.4109,-55.9776,45.5651
14.4109,-55.9776,45.5651
14.4109,-55.9776,45.5651
14.4109,-55.9776,45.5651
14.4109,-55.9776,45.5651
14.4109,-55.9776,45.5651
14.4109,-55.9776,45.5651
14.4109,-55.9776,45.5651
14.4109,-55.9776,45.5651
14.4109,-55.9776,45.5651
10.829,-56.3941,45.3985
10.829,-56.3941,45.3985
10.829,-56.3941,45.3985
10.829,-56.3941,45.3985
10.829,-56.3941,45.3985
10.829,-56.3941,45.3985
10.829,-56.3941,45.3985
10.829,-56.3941,45.3985
10.829,-56.3941,45.3985
10.829,-56.3941,45.3985
10.829,-56.3941,45.3985
10.829,-56.3941,45.3985
10.829,-56.3941,45.3985
12.0785,-57.0605,46.2315
12.0785,-57.0605,46.2315
12.0785,-57.0605,46.2315
12.0785,-57.0605,46.2315
12.0785,-57.0605,46.2315
12.0785,-57.0605,46.2315
12.0785,-57.0605,46.2315
12.0785,-57.0605,46.2315
12.0785,-57.0605,46.2315
12.0785,-57.0605,46.2315
12.0785,-57.0605,46.2315
12.0785,-57.0605,46.2315
12.0785,-57.0605,46.2315
11.8286,-60.5591,46.2315
11.8286,-60.5591,46.2315
11.8286,-60.5591,46.2315
11.8286,-60.5591,46.2315
11.8286,-60.5591,46.2315
11.8286,-60.5591,46.2315
11.8286,-60.5591,46.2315
11.8286,-60.5591,46.2315
11.8286,-60.5591,46.2315
11.8286,-60.5591,46.2315
11.8286,-60.5591,46.2315
11.8286,-60.5591,46.2315
10.9956,-57.477,46.8146
10.9956,-57.477,46.8146
10.9956,-57.477,46.8146
10.9956,-57.477,46.8146
10.9956,-57.477,46.8146
10.9956,-57.477,46.8146
10.9956,-57.477,46.8146
10.9956,-57.477,46.8146
10.9956,-57.477,46.8146
10.9956,-57.477,46.8146
10.9956,-57.477,46.8146
10.9956,-57.477,46.8146
10.9956,-57.477,46.8146
10.9956,-57.477,46.8146
9.6628,-57.6436,48.8971
9.6628,-57.6436,48.8971
9.6628,-57.6436,48.8971
9.6628,-57.6436,48.8971
9.6628,-57.6436,48.8971
9.6628,-57.6436,48.8971
9.6628,-57.6436,48.8971
9.6628,-57.6436,48.8971
9.6628,-57.6436,48.8971
9.6628,-57.6436,48.8971
9.6628,-57.6436,48.8971
9.6628,-57.6436,48.8971
9.6628,-57.6436,48.8971
9.996,-55.4778,47.8975
9.996,-55.4778,47.8975
9.996,-55.4778,47.8975
9.996,-55.4778,47.8975
9.996,-55.4778,47.8975
9.996,-55.4778,47.8975
9.996,-55.4778,47.8975
9.996,-55.4778,47.8975
9.996,-55.4778,47.8975
9.996,-55.4778,47.8975
9.996,-55.4778,47.8975
9.996,-55.4778,47.8975
9.996,-55.4778,47.8975
11.662,-56.8106,49.147
11.662,-56.8106,49.147
11.662,-56.8106,49.147
11.662,-56.8106,49.147
11.662,-56.8106,49.147
11.662,-56.8106,49.147
11.662,-56.8106,49.147
11.662,-56.8106,49.147
11.662,-56.8106,49.147
11.662,-56.8106,49.147
11.662,-56.8106,49.147
11.662,-56.8106,49.147
11.662,-56.8106,49.147
11.662,-56.8106,49.147
9.996,-59.8094,44.5655
9.996,-59.8094,44.5655
9.996,-59.8094,44.5655
9.996,-59.8094,44.5655
9.996,-59.8094,44.5655
9.996,-59.8094,44.5655
9.996,-59.8094,44.5655
9.996,-59.8094,44.5655
9.996,-59.8094,44.5655
9.996,-59.8094,44.5655
9.996,-59.8094,44.5655
9.996,-59.8094,44.5655
11.4121,-56.2275,46.8146
11.4121,-56.2275,46.8146
11.4121,-56.2275,46.8146
11.4121,-56.2275,46.8146
11.4121,-56.2275,46.8146
11.4121,-56.2275,46.8146
11.4121,-56.2275,46.8146
11.4121,-56.2275,46.8146
11.4121,-56.2275,46.8146
11.4121,-56.2275,46.8146
11.4121,-56.2275,46.8146
11.4121,-56.2275,46.8146
11.4121,-56.2275,46.8146
11.4121,-56.2275,46.8146
9.996,-55.811,46.3981
9.996,-55.811,46.3981
9.996,-55.811,46.3981
9.996,-55.811,46.3981
9.996,-55.811,46.3981
9.996,-55.811,46.3981
9.996,-55.811,46.3981
9.996,-55.811,46.3981
9.996,-55.811,46.3981
9.996,-55.811,46.3981
9.996,-55.811,46.3981
9.996,-55.811,46.3981
10.829,-59.8094,45.815
10.829,-59.8094,45.815
10.829,-59.8094,45.815
10.829,-59.8094,45.815
10.829,-59.8094,45.815
10.829,-59.8094,45.815
10.829,-59.8094,45.815
10.829,-59.8094,45.815
10.829,-59.8094,45.815
10.829,-59.8094,45.815
10.829,-59.8094,45.815
10.829,-59.8094,45.815
10.829,-59.8094,45.815
12.495,-59.2263,46.3981
12.495,-59.2263,46.3981
12.495,-59.2263,46.3981
12.495,-59.2263,46.3981
12.495,-59.2263,46.3981
12.495,-59.2263,46.3981
12.495,-59.2263,46.3981
12.495,-59.2263,46.3981
12.495,-59.2263,46.3981
12.495,-59.2263,46.3981
12.495,-59.2263,46.3981
12.495,-59.2263,46.3981
9.7461,-59.8094,47.6476
9.7461,-59.8094,47.6476
9.7461,-59.8094,47.6476
9.7461,-59.8094,47.6476
9.7461,-59.8094,47.6476
9.7461,-59.8094,47.6476
9.7461,-59.8094,47.6476
9.7461,-59.8094,47.6476
9.7461,-59.8094,47.6476
9.7461,-59.8094,47.6476
9.7461,-59.8094,47.6476
9.7461,-59.8094,47.6476
9.7461,-59.8094,47.6476
9.7461,-59.8094,47.6476
11.2455,-58.8098,46.3981
11.2455,-58.8098,46.3981
11.2455,-58.8098,46.3981
11.2455,-58.8098,46.3981
11.2455,-58.8098,46.3981
11.2455,-58.8098,46.3981
11.2455,-58.8098,46.3981
11.2455,-58.8098,46.3981
11.2455,-58.8098,46.3981
11.2455,-58.8098,46.3981
11.2455,-58.8098,46.3981
11.2455,-58.8098,46.3981
11.2455,-58.8098,46.3981
10.5791,-55.0613,43.8991
10.5791,-55.0613,43.8991
10.5791,-55.0613,43.8991
10.5791,-55.0613,43.8991
10.5791,-55.0613,43.8991
10.5791,-55.0613,43.8991
10.5791,-55.0613,43.8991
10.5791,-55.0613,43.8991
10.5791,-55.0613,43.8991
10.5791,-55.0613,43.8991
10.5791,-55.0613,43.8991
10.5791,-55.0613,43.8991
10.5791,-55.0613,43.8991
12.0785,-59.3929,47.0645
12.0785,-59.3929,47.0645
12.0785,-59.3929,47.0645
12.0785,-59.3929,47.0645
12.0785,-59.3929,47.0645
12.0785,-59.3929,47.0645
12.0785,-59.3929,47.0645
12.0785,-59.3929,47.0645
12.0785,-59.3929,47.0645
12.0785,-59.3929,47.0645
12.0785,-59.3929,47.0645
12.0785,-59.3929,47.0645
12.0785,-55.9776,45.3985
12.0785,-55.9776,45.3985
12.0785,-55.9776,45.3985
12.0785,-55.9776,45.3985
12.0785,-55.9776,45.3985
12.0785,-55.9776,45.3985
12.0785,-55.9776,45.3985
12.0785,-55.9776,45.3985
12.0785,-55.9776,45.3985
12.0785,-55.9776,45.3985
12.0785,-55.9776,45.3985
12.0785,-55.9776,45.3985
12.0785,-55.9776,45.3985
12.0785,-55.9776,45.3985
9.6628,-57.6436,49.147
9.6628,-57.6436,49.147
9.6628,-57.6436,49.147
9.6628,-57.6436,49.147
9.6628,-57.6436,49.147
9.6628,-57.6436,49.147
9.6628,-57.6436,49.147
9.6628,-57.6436,49.147
9.6628,-57.6436,49.147
9.6628,-57.6436,49.147
9.6628,-57.6436,49.147
9.6628,-57.6436,49.147
9.6628,-57.6436,49.147
9.6628,-57.6436,49.147
12.9115,-56.2275,45.3985
12.9115,-56.2275,45.3985
12.9115,-56.2275,45.3985
12.9115,-56.2275,45.3985
12.9115,-56.2275,45.3985
12.9115,-56.2275,45.3985
12.9115,-56.2275,45.3985
12.9115,-56.2275,45.3985
12.9115,-56.2275,45.3985
12.9115,-56.2275,45.3985
12.9115,-56.2275,45.3985
12.9115,-56.2275,45.3985
10.829,-55.9776,43.0661
10.829,-55.9776,43.0661
10.829,-55.9776,43.0661
10.829,-55.9776,43.0661
10.829,-55.9776,43.0661
10.829,-55.9776,43.0661
10.829,-55.9776,43.0661
10.829,-55.9776,43.0661
10.829,-55.9776,43.0661
10.829,-55.9776,43.0661
10.829,-55.9776,43.0661
10.829,-55.9776,43.0661
10.829,-55.9776,43.0661
10.829,-55.9776,43.0661
9.6628,-58.3933,45.3985
9.6628,-58.3933,45.3985
9.6628,-58.3933,45.3985
9.6628,-58.3933,45.3985
9.6628,-58.3933,45.3985
9.6628,-58.3933,45.3985
9.6628,-58.3933,45.3985
9.6628,-58.3933,45.3985
9.6628,-58.3933,45.3985
9.6628,-58.3933,45.3985
9.6628,-58.3933,45.3985
9.6628,-58.3933,45.3985
9.6628,-58.3933,45.3985
10.4125,-57.8935,46.2315
10.4125,-57.8935,46.2315
10.4125,-57.8935,46.2315
10.4125,-57.8935,46.2315
10.4125,-57.8935,46.2315
10.4125,-57.8935,46.2315
10.4125,-57.8935,46.2315
10.4125,-57.8935,46.2315
10.4125,-57.8935,46.2315
10.4125,-57.8935,46.2315
10.4125,-57.8935,46.2315
10.4125,-57.8935,46.2315
10.4125,-57.8935,46.2315
11.4121,-57.0605,46.3981
11.4121,-57.0605,46.3981
11.4121,-57.0605,46.3981
11.4121,-57.0605,46.3981
11.4121,-57.0605,46.3981
11.4121,-57.0605,46.3981
11.4121,-57.0605,46.3981
11.4121,-57.0605,46.3981
11.4121,-57.0605,46.3981
11.4121,-57.0605,46.3981
11.4121,-57.0605,46.3981
11.4121,-57.0605,46.3981
11.4121,-57.0605,46.3981
11.4121,-57.0605,46.3981
9.996,-57.477,46.8146
9.996,-57.477,46.8146
9.996,-57.477,46.8146
9.996,-57.477,46.8146
9.996,-57.477,46.8146
9.996,-57.477,46.8146
9.996,-57.477,46.8146
9.996,-57.477,46.8146
9.996,-57.477,46.8146
9.996,-57.477,46.8146
9.996,-57.477,46.8146
9.996,-55.9776,47.0645
9.996,-55.9776,47.0645
9.996,-55.9776,47.0645
9.996,-55.9776,47.0645
9.996,-55.9776,47.0645
9.996,-55.9776,47.0645
9.996,-55.9776,47.0645
9.996,-55.9776,47.0645
9.996,-55.9776,47.0645
9.996,-55.9776,47.0645
9.996,-55.9776,47.0645
9.996,-55.9776,47.0645
9.6628,-57.0605,48.0641
9.6628,-57.0605,48.0641
9.6628,-57.0605,48.0641
9.6628,-57.0605,48.0641
9.6628,-57.0605,48.0641
9.6628,-57.0605,48.0641
9.6628,-57.0605,48.0641
9.6628,-57.0605,48.0641
9.6628,-57.0605,48.0641
9.6628,-57.0605,48.0641
9.6628,-57.0605,48.0641
9.6628,-57.0605,48.0641
9.6628,-57.0605,48.0641
11.8286,-58.3933,47.481
11.8286,-58.3933,47.481
11.8286,-58.3933,47.481
11.8286,-58.3933,47.481
11.8286,-58.3933,47.481
11.8286,-58.3933,47.481
11.8286,-58.3933,47.481
11.8286,-58.3933,47.481
11.8286,-58.3933,47.481
11.8286,-58.3933,47.481
11.8286,-58.3933,47.481
14.8274,-54.8114,42.6496
14.8274,-54.8114,42.6496
