x,y,z
0,0,0
-3.4986,-50.8963,45.3985
-3.4986,-50.8963,45.3985
-3.4986,-50.8963,45.3985
-3.4986,-50.8963,45.3985
-3.4986,-50.8963,45.3985
-3.4986,-50.8963,45.3985
-3.4986,-50.8963,45.3985
-2.3324,-50.8963,40.1506
-2.3324,-50.8963,40.1506
-2.3324,-50.8963,40.1506
-2.3324,-50.8963,40.1506
-2.3324,-50.8963,40.1506
-2.3324,-50.8963,40.1506
-2.3324,-50.8963,40.1506
-2.3324,-50.8963,40.1506
-2.3324,-50.8963,40.1506
-2.3324,-50.8963,40.1506
-2.3324,-50.8963,40.1506
-2.3324,-50.8963,40.1506
-2.5823,-50.0633,44.7321
-2.5823,-50.0633,44.7321
-2.5823,-50.0633,44.7321
-2.5823,-50.0633,44.7321
-2.5823,-50.0633,44.7321
-2.5823,-50.0633,44.7321
-2.5823,-50.0633,44.7321
-2.5823,-50.0633,44.7321
-2.5823,-50.0633,44.7321
-2.5823,-50.0633,44.7321
-2.5823,-50.0633,44.7321
0.9163,-52.6456,43.0661
0.9163,-52.6456,43.0661
0.9163,-52.6456,43.0661
0.9163,-52.6456,43.0661
0.9163,-52.6456,43.0661
0.9163,-52.6456,43.0661
0.9163,-52.6456,43.0661
0.9163,-52.6456,43.0661
0.9163,-52.6456,43.0661
0.9163,-52.6456,43.0661
0.9163,-52.6456,43.0661
-1.3328,-53.9784,44.3156
-1.3328,-53.9784,44.3156
-1.3328,-53.9784,44.3156
-1.3328,-53.9784,44.3156
-1.3328,-53.9784,44.3156
-1.3328,-53.9784,44.3156
-1.3328,-53.9784,44.3156
-1.3328,-53.9784,44.3156
-1.3328,-53.9784,44.3156
-1.3328,-53.9784,44.3156
-1.3328,-53.9784,44.3156
-1.3328,-53.9784,44.3156
-1.3328,-53.9784,44.3156
-4.998,-49.2303,43.316
-4.998,-49.2303,43.316
-4.998,-49.2303,43.316
-4.998,-49.2303,43.316
-4.998,-49.2303,43.316
-4.998,-49.2303,43.316
-4.998,-49.2303,43.316
-4.998,-49.2303,43.316
-4.998,-49.2303,43.316
-4.998,-49.2303,43.316
-4.998,-49.2303,43.316
-4.998,-49.2303,43.316
-4.998,-49.2303,43.316
-0.0833,-48.9804,44.982
-0.0833,-48.9804,44.982
-0.0833,-48.9804,44.982
-0.0833,-48.9804,44.982
-0.0833,-48.9804,44.982
-0.0833,-48.9804,44.982
-0.0833,-48.9804,44.982
-0.0833,-48.9804,44.982
-0.0833,-48.9804,44.982
-0.0833,-48.9804,44.982
-0.0833,-48.9804,44.982
-0.0833,-48.9804,44.982
-0.0833,-48.9804,44.982
-0.0833,-48.9804,44.982
-1.3328,-47.8975,45.3985
-1.3328,-47.8975,45.3985
-1.3328,-47.8975,45.3985
-1.3328,-47.8975,45.3985
-1.3328,-47.8975,45.3985
-1.3328,-47.8975,45.3985
-1.3328,-47.8975,45.3985
-1.3328,-47.8975,45.3985
-1.3328,-47.8975,45.3985
-1.3328,-47.8975,45.3985
-1.3328,-47.8975,45.3985
-2.7489,-52.479,44.5655
-2.7489,-52.479,44.5655
-2.7489,-52.479,44.5655
-2.7489,-52.479,44.5655
-2.7489,-52.479,44.5655
-2.7489,-52.479,44.5655
-2.7489,-52.479,44.5655
-2.7489,-52.479,44.5655
-2.7489,-52.479,44.5655
-2.7489,-52.479,44.5655
-2.7489,-52.479,44.5655
-2.7489,-52.479,44.5655
-2.7489,-52.479,44.5655
-2.7489,-52.479,44.5655
-3.4986,-49.6468,40.817
-3.4986,-49.6468,40.817
-3.4986,-49.6468,40.817
-3.4986,-49.6468,40.817
-3.4986,-49.6468,40.817
-3.4986,-49.6468,40.817
-3.4986,-49.6468,40.817
-3.4986,-49.6468,40.817
-3.4986,-49.6468,40.817
-1.4994,-50.8963,43.4826
-1.4994,-50.8963,43.4826
-1.4994,-50.8963,43.4826
-1.4994,-50.8963,43.4826
-1.4994,-50.8963,43.4826
-1.4994,-50.8963,43.4826
-1.4994,-50.8963,43.4826
-1.4994,-50.8963,43.4826
-1.4994,-50.8963,43.4826
-1.4994,-50.8963,43.4826
-1.4994,-50.8963,43.4826
-1.4994,-50.8963,43.4826
-1.4994,-50.8963,43.4826
-3.1654,-50.4798,44.149
-3.1654,-50.4798,44.149
-3.1654,-50.4798,44.149
-3.1654,-50.4798,44.149
-3.1654,-50.4798,44.149
-3.1654,-50.4798,44.149
-3.1654,-50.4798,44.149
-3.1654,-50.4798,44.149
-3.1654,-50.4798,44.149
-3.1654,-50.4798,44.149
-3.1654,-50.4798,44.149
-3.1654,-50.4798,44.149
-2.7489,-50.2299,44.149
-2.7489,-50.2299,44.149
-2.7489,-50.2299,44.149
-2.7489,-50.2299,44.149
-2.7489,-50.2299,44.149
-2.7489,-50.2299,44.149
-2.7489,-50.2299,44.149
-2.7489,-50.2299,44.149
-2.7489,-50.2299,44.149
-2.7489,-50.2299,44.149
-2.7489,-50.2299,44.149
-2.7489,-50.2299,44.149
-2.7489,-50.2299,44.149
-2.7489,-50.2299,44.149
-0.9163,-48.8138,43.7325
-0.9163,-48.8138,43.7325
-0.9163,-48.8138,43.7325
-0.9163,-48.8138,43.7325
-0.9163,-48.8138,43.7325
-0.9163,-48.8138,43.7325
-0.9163,-48.8138,43.7325
-0.9163,-48.8138,43.7325
-0.9163,-48.8138,43.7325
-0.9163,-48.8138,43.7325
-0.9163,-48.8138,43.7325
-0.9163,-48.8138,43.7325
-0.9163,-48.8138,43.7325
-4.998,-50.2299,45.5651
-4.998,-50.2299,45.5651
-4.998,-50.2299,45.5651
-4.998,-50.2299,45.5651
-4.998,-50.2299,45.5651
-4.998,-50.2299,45.5651
-4.998,-50.2299,45.5651
-4.998,-50.2299,45.5651
-4.998,-50.2299,45.5651
-4.998,-50.2299,45.5651
-4.998,-50.2299,45.5651
-4.998,-50.2299,45.5651
-4.998,-50.2299,45.5651
-0.6664,-50.4798,43.7325
-0.6664,-50.4798,43.7325
-0.6664,-50.4798,43.7325
-0.6664,-50.4798,43.7325
-0.6664,-50.4798,43.7325
-0.6664,-50.4798,43.7325
-0.6664,-50.4798,43.7325
-0.6664,-50.4798,43.7325
-0.6664,-50.4798,43.7325
-0.6664,-50.4798,43.7325
-0.6664,-50.4798,43.7325
-0.6664,-50.4798,43.7325
-0.6664,-50.4798,43.7325
-1.4994,-52.0625,44.982
-1.4994,-52.0625,44.982
-1.4994,-52.0625,44.982
-1.4994,-52.0625,44.982
-1.4994,-52.0625,44.982
-1.4994,-52.0625,44.982
-1.4994,-52.0625,44.982
-1.4994,-52.0625,44.982
-1.4994,-52.0625,44.982
-1.4994,-52.0625,44.982
-1.4994,-52.0625,44.982
-1.4994,-52.0625,44.982
-1.4994,-52.0625,44.982
-2.1658,-50.4798,43.7325
-2.1658,-50.4798,43.7325
-2.1658,-50.4798,43.7325
-2.1658,-50.4798,43.7325
-2.1658,-50.4798,43.7325
-2.1658,-50.4798,43.7325
-2.1658,-50.4798,43.7325
-2.1658,-50.4798,43.7325
-2.1658,-50.4798,43.7325
-2.1658,-50.4798,43.7325
-2.1658,-50.4798,43.7325
-2.1658,-50.4798,43.7325
-2.1658,-50.4798,43.7325
-2.3324,-53.312,44.5655
-2.3324,-53.312,44.5655
-2.3324,-53.312,44.5655
-2.3324,-53.312,44.5655
-2.3324,-53.312,44.5655
-2.3324,-53.312,44.5655
-2.3324,-53.312,44.5655
-2.3324,-53.312,44.5655
-2.3324,-53.312,44.5655
-2.3324,-53.312,44.5655
-2.3324,-53.312,44.5655
-2.3324,-53.312,44.5655
-2.3324,-53.312,44.5655
0,-50.4798,45.1486
0,-50.4798,45.1486
0,-50.4798,45.1486
0,-50.4798,45.1486
0,-50.4798,45.1486
0,-50.4798,45.1486
0,-50.4798,45.1486
0,-50.4798,45.1486
0,-50.4798,45.1486
0,-50.4798,45.1486
0,-50.4798,45.1486
0,-50.4798,45.1486
0,-50.4798,45.1486
-0.9163,-50.6464,45.3985
-0.9163,-50.6464,45.3985
-0.9163,-50.6464,45.3985
-0.9163,-50.6464,45.3985
-0.9163,-50.6464,45.3985
-0.9163,-50.6464,45.3985
-0.9163,-50.6464,45.3985
-0.9163,-50.6464,45.3985
-0.9163,-50.6464,45.3985
-0.9163,-50.6464,45.3985
-0.9163,-50.6464,45.3985
-0.9163,-50.6464,45.3985
-0.9163,-50.6464,45.3985
-0.9163,-50.6464,45.3985
-0.6664,-47.8975,41.2335
-0.6664,-47.8975,41.2335
-0.6664,-47.8975,41.2335
-0.6664,-47.8975,41.2335
-0.6664,-47.8975,41.2335
-0.6664,-47.8975,41.2335
-0.6664,-47.8975,41.2335
-0.6664,-47.8975,41.2335
-0.6664,-47.8975,41.2335
-0.6664,-47.8975,41.2335
-0.6664,-47.8975,41.2335
-0.6664,-47.8975,41.2335
-0.4998,-51.3961,44.3156
-0.4998,-51.3961,44.3156
-0.4998,-51.3961,44.3156
-0.4998,-51.3961,44.3156
-0.4998,-51.3961,44.3156
-0.4998,-51.3961,44.3156
-0.4998,-51.3961,44.3156
-0.4998,-51.3961,44.3156
-0.4998,-51.3961,44.3156
-0.4998,-51.3961,44.3156
-0.4998,-51.3961,44.3156
-0.4998,-51.3961,44.3156
-0.4998,-51.3961,44.3156
-0.4998,-51.3961,44.3156
0,-53.0621,46.3981
0,-53.0621,46.3981
0,-53.0621,46.3981
0,-53.0621,46.3981
0,-53.0621,46.3981
0,-53.0621,46.3981
0,-53.0621,46.3981
0,-53.0621,46.3981
0,-53.0621,46.3981
0,-53.0621,46.3981
0,-53.0621,46.3981
0,-53.0621,46.3981
0,-53.0621,46.3981
1.4994,-51.8126,43.316
1.4994,-51.8126,43.316
1.4994,-51.8126,43.316
1.4994,-51.8126,43.316
1.4994,-51.8126,43.316
1.4994,-51.8126,43.316
1.4994,-51.8126,43.316
1.4994,-51.8126,43.316
1.4994,-51.8126,43.316
1.4994,-51.8126,43.316
1.4994,-51.8126,43.316
1.4994,-51.8126,43.316
-0.0833,-47.6476,44.3156
-0.0833,-47.6476,44.3156
-0.0833,-47.6476,44.3156
-0.0833,-47.6476,44.3156
-0.0833,-47.6476,44.3156
-0.0833,-47.6476,44.3156
-0.0833,-47.6476,44.3156
-0.0833,-47.6476,44.3156
-0.0833,-47.6476,44.3156
-0.0833,-47.6476,44.3156
-0.0833,-47.6476,44.3156
-0.0833,-47.6476,44.3156
1.0829,-49.8134,44.7321
1.0829,-49.8134,44.7321
1.0829,-49.8134,44.7321
1.0829,-49.8134,44.7321
1.0829,-49.8134,44.7321
1.0829,-49.8134,44.7321
1.0829,-49.8134,44.7321
1.0829,-49.8134,44.7321
1.0829,-49.8134,44.7321
1.0829,-49.8134,44.7321
1.0829,-49.8134,44.7321
1.0829,-49.8134,44.7321
1.0829,-49.8134,44.7321
1.0829,-49.8134,44.7321
-0.9163,-52.2291,45.5651
-0.9163,-52.2291,45.5651
-0.9163,-52.2291,45.5651
-0.9163,-52.2291,45.5651
-0.9163,-52.2291,45.5651
-0.9163,-52.2291,45.5651
-0.9163,-52.2291,45.5651
-0.9163,-52.2291,45.5651
-0.9163,-52.2291,45.5651
-0.9163,-52.2291,45.5651
-0.9163,-52.2291,45.5651
-0.9163,-52.2291,45.5651
-0.6664,-51.8126,43.0661
-0.6664,-51.8126,43.0661
-0.6664,-51.8126,43.0661
-0.6664,-51.8126,43.0661
-0.6664,-51.8126,43.0661
-0.6664,-51.8126,43.0661
-0.6664,-51.8126,43.0661
-0.6664,-51.8126,43.0661
-0.6664,-51.8126,43.0661
-0.6664,-51.8126,43.0661
-0.6664,-51.8126,43.0661
-0.6664,-51.8126,43.0661
-0.6664,-51.8126,43.0661
-0.6664,-51.8126,43.0661
-0.6664,-50.6464,41.4001
-0.6664,-50.6464,41.4001
-0.6664,-50.6464,41.4001
-0.6664,-50.6464,41.4001
-0.6664,-50.6464,41.4001
-0.6664,-50.6464,41.4001
-0.6664,-50.6464,41.4001
-0.6664,-50.6464,41.4001
-0.6664,-50.6464,41.4001
-0.6664,-50.6464,41.4001
-0.6664,-50.6464,41.4001
-0.6664,-50.6464,41.4001
-0.6664,-50.6464,41.4001
-2.9988,-50.0633,45.9816
-2.9988,-50.0633,45.9816
-2.9988,-50.0633,45.9816
-2.9988,-50.0633,45.9816
-2.9988,-50.0633,45.9816
-2.9988,-50.0633,45.9816
-2.9988,-50.0633,45.9816
-2.9988,-50.0633,45.9816
-2.9988,-50.0633,45.9816
-2.9988,-50.0633,45.9816
-2.9988,-50.0633,45.9816
-2.9988,-50.0633,45.9816
-2.9988,-50.0633,45.9816
0.0833,-49.3969,42.6496
0.0833,-49.3969,42.6496
0.0833,-49.3969,42.6496
0.0833,-49.3969,42.6496
0.0833,-49.3969,42.6496
0.0833,-49.3969,42.6496
0.0833,-49.3969,42.6496
0.0833,-49.3969,42.6496
0.0833,-49.3969,42.6496
0.0833,-49.3969,42.6496
0.0833,-49.3969,42.6496
0.0833,-49.3969,42.6496
0.0833,-49.3969,42.6496
-1.4994,-52.2291,43.8991
-1.4994,-52.2291,43.8991
-1.4994,-52.2291,43.8991
-1.4994,-52.2291,43.8991
-1.4994,-52.2291,43.8991
-1.4994,-52.2291,43.8991
-1.4994,-52.2291,43.8991
-1.4994,-52.2291,43.8991
-1.4994,-52.2291,43.8991
-1.4994,-52.2291,43.8991
-1.4994,-52.2291,43.8991
-1.4994,-52.2291,43.8991
-1.3328,-51.8126,44.3156
-1.3328,-51.8126,44.3156
-1.3328,-51.8126,44.3156
-1.3328,-51.8126,44.3156
-1.3328,-51.8126,44.3156
-1.3328,-51.8126,44.3156
-1.3328,-51.8126,44.3156
-1.3328,-51.8126,44.3156
-1.3328,-51.8126,44.3156
-1.3328,-51.8126,44.3156
-1.3328,-51.8126,44.3156
-1.3328,-51.8126,44.3156
-1.3328,-51.8126,44.3156
0.0833,-50.0633,45.1486
0.0833,-50.0633,45.1486
0.0833,-50.0633,45.1486
0.0833,-50.0633,45.1486
0.0833,-50.0633,45.1486
0.0833,-50.0633,45.1486
0.0833,-50.0633,45.1486
0.0833,-50.0633,45.1486
0.0833,-50.0633,45.1486
0.0833,-50.0633,45.1486
0.0833,-50.0633,45.1486
0.0833,-50.0633,45.1486
-0.4998,-49.8134,45.815
-0.4998,-49.8134,45.815
-0.4998,-49.8134,45.815
-0.4998,-49.8134,45.815
-0.4998,-49.8134,45.815
-0.4998,-49.8134,45.815
-0.4998,-49.8134,45.815
-0.4998,-49.8134,45.815
-0.4998,-49.8134,45.815
-0.4998,-49.8134,45.815
-0.4998,-49.8134,45.815
-0.4998,-49.8134,45.815
-0.4998,-49.8134,45.815
-0.4998,-49.8134,45.815
-2.3324,-49.3969,45.5651
-2.3324,-49.3969,45.5651
-2.3324,-49.3969,45.5651
-2.3324,-49.3969,45.5651
-2.3324,-49.3969,45.5651
-2.3324,-49.3969,45.5651
-2.3324,-49.3969,45.5651
-2.3324,-49.3969,45.5651
-2.3324,-49.3969,45.5651
-2.3324,-49.3969,45.5651
-2.3324,-49.3969,45.5651
-2.3324,-49.3969,45.5651
-2.3324,-49.3969,45.5651
-1.7493,-51.8126,42.0665
-1.7493,-51.8126,42.0665
-1.7493,-51.8126,42.0665
-1.7493,-51.8126,42.0665
-1.7493,-51.8126,42.0665
-1.7493,-51.8126,42.0665
-1.7493,-51.8126,42.0665
-1.7493,-51.8126,42.0665
-1.7493,-51.8126,42.0665
-1.7493,-51.8126,42.0665
-1.7493,-51.8126,42.0665
-1.7493,-51.8126,42.0665
-1.7493,-51.8126,42.0665
-0.0833,-52.0625,45.9816
-0.0833,-52.0625,45.9816
-0.0833,-52.0625,45.9816
-0.0833,-52.0625,45.9816
-0.0833,-52.0625,45.9816
-0.0833,-52.0625,45.9816
-0.0833,-52.0625,45.9816
-0.0833,-52.0625,45.9816
-0.0833,-52.0625,45.9816
-0.0833,-52.0625,45.9816
-0.0833,-52.0625,45.9816
-0.0833,-52.0625,45.9816
-0.6664,-52.479,42.483
-0.6664,-52.479,42.483
-0.6664,-52.479,42.483
-0.6664,-52.479,42.483
-0.6664,-52.479,42.483
-0.6664,-52.479,42.483
-0.6664,-52.479,42.483
-0.6664,-52.479,42.483
-0.6664,-52.479,42.483
-0.6664,-52.479,42.483
-0.6664,-52.479,42.483
-0.6664,-52.479,42.483
-0.6664,-52.479,42.483
-0.6664,-52.479,42.483
-1.0829,-52.8955,45.3985
-1.0829,-52.8955,45.3985
-1.0829,-52.8955,45.3985
-1.0829,-52.8955,45.3985
-1.0829,-52.8955,45.3985
-1.0829,-52.8955,45.3985
-1.0829,-52.8955,45.3985
-1.0829,-52.8955,45.3985
-1.0829,-52.8955,45.3985
-1.0829,-52.8955,45.3985
-1.0829,-52.8955,45.3985
-1.0829,-52.8955,45.3985
-1.0829,-52.8955,45.3985
-2.7489,-48.0641,43.0661
-2.7489,-48.0641,43.0661
-2.7489,-48.0641,43.0661
-2.7489,-48.0641,43.0661
-2.7489,-48.0641,43.0661
-2.7489,-48.0641,43.0661
-2.7489,-48.0641,43.0661
-2.7489,-48.0641,43.0661
-2.7489,-48.0641,43.0661
-2.7489,-48.0641,43.0661
-2.7489,-48.0641,43.0661
-2.7489,-48.0641,43.0661
-2.7489,-48.0641,43.0661
2.1658,-50.8963,41.2335
2.1658,-50.8963,41.2335
2.1658,-50.8963,41.2335
2.1658,-50.8963,41.2335
2.1658,-50.8963,41.2335
2.1658,-50.8963,41.2335
2.1658,-50.8963,41.2335
2.1658,-50.8963,41.2335
2.1658,-50.8963,41.2335
2.1658,-50.8963,41.2335
2.1658,-50.8963,41.2335
2.1658,-50.8963,41.2335
2.1658,-50.8963,41.2335
0.2499,-53.312,44.149
0.2499,-53.312,44.149
0.2499,-53.312,44.149
0.2499,-53.312,44.149
0.2499,-53.312,44.149
0.2499,-53.312,44.149
0.2499,-53.312,44.149
0.2499,-53.312,44.149
0.2499,-53.312,44.149
0.2499,-53.312,44.149
0.2499,-53.312,44.149
0.2499,-53.312,44.149
0.2499,-53.312,44.149
2.3324,-51.3961,43.8991
2.3324,-51.3961,43.8991
2.3324,-51.3961,43.8991
2.3324,-51.3961,43.8991
2.3324,-51.3961,43.8991
2.3324,-51.3961,43.8991
2.3324,-51.3961,43.8991
2.3324,-51.3961,43.8991
2.3324,-51.3961,43.8991
2.3324,-51.3961,43.8991
2.3324,-51.3961,43.8991
2.3324,-51.3961,43.8991
2.3324,-51.3961,43.8991
0.0833,-51.8126,44.149
0.0833,-51.8126,44.149
0.0833,-51.8126,44.149
0.0833,-51.8126,44.149
0.0833,-51.8126,44.149
0.0833,-51.8126,44.149
0.0833,-51.8126,44.149
0.0833,-51.8126,44.149
0.0833,-51.8126,44.149
0.0833,-51.8126,44.149
0.0833,-51.8126,44.149
0.0833,-51.8126,44.149
0.2499,-50.2299,43.7325
0.2499,-50.2299,43.7325
0.2499,-50.2299,43.7325
0.2499,-50.2299,43.7325
0.2499,-50.2299,43.7325
0.2499,-50.2299,43.7325
0.2499,-50.2299,43.7325
0.2499,-50.2299,43.7325
0.2499,-50.2299,43.7325
0.2499,-50.2299,43.7325
0.2499,-50.2299,43.7325
0.2499,-50.2299,43.7325
0.2499,-50.2299,43.7325
0,-61.3921,32.9035
0,-61.3921,32.9035
0,-61.3921,32.9035
0,-61.3921,32.9035
0,-61.3921,32.9035
0,-61.3921,32.9035
0,-61.3921,32.9035
0,-61.3921,32.9035
0,-61.3921,32.9035
0,-61.3921,32.9035
0,-61.3921,32.9035
0,-61.3921,32.9035
0,-61.3921,32.9035
-5.1646,-64.3909,36.652
-5.1646,-64.3909,36.652
-5.1646,-64.3909,36.652
-5.1646,-64.3909,36.652
-5.1646,-64.3909,36.652
-5.1646,-64.3909,36.652
-5.1646,-64.3909,36.652
-5.1646,-64.3909,36.652
-5.1646,-64.3909,36.652
-5.1646,-64.3909,36.652
-5.1646,-64.3909,36.652
-5.1646,-64.3909,36.652
-5.1646,-64.3909,36.652
-3.9151,-53.312,45.3985
-3.9151,-53.312,45.3985
-3.9151,-53.312,45.3985
-3.9151,-53.312,45.3985
-3.9151,-53.312,45.3985
-3.9151,-53.312,45.3985
-3.9151,-53.312,45.3985
-3.9151,-53.312,45.3985
-3.9151,-53.312,45.3985
-3.9151,-53.312,45.3985
-3.9151,-53.312,45.3985
-3.9151,-53.312,45.3985
-3.9151,-53.312,45.3985
6.7473,-48.314,48.8971
6.7473,-48.314,48.8971
6.7473,-48.314,48.8971
6.7473,-48.314,48.8971
6.7473,-48.314,48.8971
6.7473,-48.314,48.8971
6.7473,-48.314,48.8971
6.7473,-48.314,48.8971
6.7473,-48.314,48.8971
6.7473,-48.314,48.8971
6.7473,-48.314,48.8971
6.7473,-48.314,48.8971
6.7473,-48.314,48.8971
23.324,-38.9011,56.0609
23.324,-38.9011,56.0609
23.324,-38.9011,56.0609
23.324,-38.9011,56.0609
23.324,-38.9011,56.0609
23.324,-38.9011,56.0609
23.324,-38.9011,56.0609
23.324,-38.9011,56.0609
23.324,-38.9011,56.0609
23.324,-38.9011,56.0609
23.324,-38.9011,56.0609
23.324,-38.9011,56.0609
23.324,-38.9011,56.0609
29.988,-32.9035,59.8094
29.988,-32.9035,59.8094
29.988,-32.9035,59.8094
29.988,-32.9035,59.8094
29.988,-32.9035,59.8094
29.988,-32.9035,59.8094
29.988,-32.9035,59.8094
29.988,-32.9035,59.8094
29.988,-32.9035,59.8094
29.988,-32.9035,59.8094
29.988,-32.9035,59.8094
29.988,-32.9035,59.8094
29.988,-32.9035,59.8094
29.7381,-40.0673,57.3104
29.7381,-40.0673,57.3104
29.7381,-40.0673,57.3104
29.7381,-40.0673,57.3104
29.7381,-40.0673,57.3104
29.7381,-40.0673,57.3104
29.7381,-40.0673,57.3104
29.7381,-40.0673,57.3104
29.7381,-40.0673,57.3104
29.7381,-40.0673,57.3104
29.7381,-40.0673,57.3104
29.7381,-40.0673,57.3104
29.7381,-40.0673,57.3104
29.7381,-40.0673,57.3104
27.3224,-40.9003,55.4778
27.3224,-40.9003,55.4778
27.3224,-40.9003,55.4778
27.3224,-40.9003,55.4778
27.3224,-40.9003,55.4778
27.3224,-40.9003,55.4778
27.3224,-40.9003,55.4778
27.3224,-40.9003,55.4778
27.3224,-40.9003,55.4778
27.3224,-40.9003,55.4778
27.3224,-40.9003,55.4778
27.3224,-40.9003,55.4778
27.3224,-40.9003,55.4778
25.1566,-46.648,59.8094
25.1566,-46.648,59.8094
25.1566,-46.648,59.8094
25.1566,-46.648,59.8094
25.1566,-46.648,59.8094
25.1566,-46.648,59.8094
25.1566,-46.648,59.8094
25.1566,-46.648,59.8094
25.1566,-46.648,59.8094
25.1566,-46.648,59.8094
25.1566,-46.648,59.8094
25.1566,-46.648,59.8094
23.4906,-47.0645,56.4774
23.4906,-47.0645,56.4774
23.4906,-47.0645,56.4774
23.4906,-47.0645,56.4774
23.4906,-47.0645,56.4774
23.4906,-47.0645,56.4774
23.4906,-47.0645,56.4774
23.4906,-47.0645,56.4774
23.4906,-47.0645,56.4774
23.4906,-47.0645,56.4774
23.4906,-47.0645,56.4774
23.4906,-47.0645,56.4774
23.4906,-47.0645,56.4774
23.4906,-47.0645,56.4774
23.0741,-45.2319,55.0613
23.0741,-45.2319,55.0613
23.0741,-45.2319,55.0613
23.0741,-45.2319,55.0613
23.0741,-45.2319,55.0613
23.0741,-45.2319,55.0613
23.0741,-45.2319,55.0613
23.0741,-45.2319,55.0613
23.0741,-45.2319,55.0613
23.0741,-45.2319,55.0613
23.0741,-45.2319,55.0613
23.0741,-45.2319,55.0613
23.0741,-45.2319,55.0613
20.2419,-45.6484,54.2283
20.2419,-45.6484,54.2283
20.2419,-45.6484,54.2283
20.2419,-45.6484,54.2283
20.2419,-45.6484,54.2283
20.2419,-45.6484,54.2283
20.2419,-45.6484,54.2283
20.2419,-45.6484,54.2283
20.2419,-45.6484,54.2283
20.2419,-45.6484,54.2283
20.2419,-45.6484,54.2283
20.2419,-45.6484,54.2283
20.2419,-45.6484,54.2283
17.2431,-48.0641,51.3961
17.2431,-48.0641,51.3961
17.2431,-48.0641,51.3961
17.2431,-48.0641,51.3961
17.2431,-48.0641,51.3961
17.2431,-48.0641,51.3961
17.2431,-48.0641,51.3961
17.2431,-48.0641,51.3961
17.2431,-48.0641,51.3961
17.2431,-48.0641,51.3961
17.2431,-48.0641,51.3961
17.2431,-48.0641,51.3961
17.2431,-48.0641,51.3961
12.9948,-47.2311,52.8955
12.9948,-47.2311,52.8955
12.9948,-47.2311,52.8955
12.9948,-47.2311,52.8955
12.9948,-47.2311,52.8955
12.9948,-47.2311,52.8955
12.9948,-47.2311,52.8955
12.9948,-47.2311,52.8955
12.9948,-47.2311,52.8955
12.9948,-47.2311,52.8955
12.9948,-47.2311,52.8955
12.9948,-47.2311,52.8955
13.4113,-47.6476,51.2295
13.4113,-47.6476,51.2295
13.4113,-47.6476,51.2295
13.4113,-47.6476,51.2295
13.4113,-47.6476,51.2295
13.4113,-47.6476,51.2295
13.4113,-47.6476,51.2295
13.4113,-47.6476,51.2295
13.4113,-47.6476,51.2295
13.4113,-47.6476,51.2295
13.4113,-47.6476,51.2295
13.4113,-47.6476,51.2295
13.4113,-47.6476,51.2295
13.4113,-47.6476,51.2295
16.66,-49.2303,55.2279
16.66,-49.2303,55.2279
16.66,-49.2303,55.2279
16.66,-49.2303,55.2279
16.66,-49.2303,55.2279
16.66,-49.2303,55.2279
16.66,-49.2303,55.2279
16.66,-49.2303,55.2279
16.66,-49.2303,55.2279
16.66,-49.2303,55.2279
16.66,-49.2303,55.2279
16.66,-49.2303,55.2279
12.9115,-48.314,52.2291
12.9115,-48.314,52.2291
12.9115,-48.314,52.2291
12.9115,-48.314,52.2291
12.9115,-48.314,52.2291
12.9115,-48.314,52.2291
12.9115,-48.314,52.2291
12.9115,-48.314,52.2291
12.9115,-48.314,52.2291
12.9115,-48.314,52.2291
12.9115,-48.314,52.2291
12.9115,-48.314,52.2291
12.9115,-48.314,52.2291
12.9115,-48.314,52.2291
13.8278,-47.2311,56.0609
13.8278,-47.2311,56.0609
13.8278,-47.2311,56.0609
13.8278,-47.2311,56.0609
13.8278,-47.2311,56.0609
13.8278,-47.2311,56.0609
13.8278,-47.2311,56.0609
13.8278,-47.2311,56.0609
13.8278,-47.2311,56.0609
13.8278,-47.2311,56.0609
13.8278,-47.2311,56.0609
13.8278,-47.2311,56.0609
10.5791,-47.481,51.3961
10.5791,-47.481,51.3961
10.5791,-47.481,51.3961
10.5791,-47.481,51.3961
10.5791,-47.481,51.3961
10.5791,-47.481,51.3961
10.5791,-47.481,51.3961
10.5791,-47.481,51.3961
10.5791,-47.481,51.3961
10.5791,-47.481,51.3961
10.5791,-47.481,51.3961
10.5791,-47.481,51.3961
10.5791,-47.481,51.3961
10.5791,-47.481,51.3961
12.2451,-44.3989,53.0621
12.2451,-44.3989,53.0621
12.2451,-44.3989,53.0621
12.2451,-44.3989,53.0621
12.2451,-44.3989,53.0621
12.2451,-44.3989,53.0621
12.2451,-44.3989,53.0621
12.2451,-44.3989,53.0621
12.2451,-44.3989,53.0621
12.2451,-44.3989,53.0621
12.2451,-44.3989,53.0621
12.2451,-44.3989,53.0621
13.1614,-47.6476,52.6456
13.1614,-47.6476,52.6456
13.1614,-47.6476,52.6456
13.1614,-47.6476,52.6456
13.1614,-47.6476,52.6456
13.1614,-47.6476,52.6456
13.1614,-47.6476,52.6456
13.1614,-47.6476,52.6456
13.1614,-47.6476,52.6456
13.1614,-47.6476,52.6456
13.1614,-47.6476,52.6456
13.1614,-47.6476,52.6456
13.1614,-47.6476,52.6456
13.1614,-47.6476,52.6456
12.6616,-47.8975,52.8955
12.6616,-47.8975,52.8955
12.6616,-47.8975,52.8955
12.6616,-47.8975,52.8955
12.6616,-47.8975,52.8955
12.6616,-47.8975,52.8955
12.6616,-47.8975,52.8955
12.6616,-47.8975,52.8955
12.6616,-47.8975,52.8955
12.6616,-47.8975,52.8955
12.6616,-47.8975,52.8955
12.6616,-47.8975,52.8955
12.6616,-47.8975,52.8955
10.9956,-48.8138,53.0621
10.9956,-48.8138,53.0621
10.9956,-48.8138,53.0621
10.9956,-48.8138,53.0621
10.9956,-48.8138,53.0621
10.9956,-48.8138,53.0621
10.9956,-48.8138,53.0621
10.9956,-48.8138,53.0621
10.9956,-48.8138,53.0621
10.9956,-48.8138,53.0621
10.9956,-48.8138,53.0621
10.9956,-48.8138,53.0621
10.9956,-48.8138,53.0621
11.8286,-43.8991,53.9784
11.8286,-43.8991,53.9784
11.8286,-43.8991,53.9784
11.8286,-43.8991,53.9784
11.8286,-43.8991,53.9784
11.8286,-43.8991,53.9784
11.8286,-43.8991,53.9784
11.8286,-43.8991,53.9784
11.8286,-43.8991,53.9784
11.8286,-43.8991,53.9784
11.8286,-43.8991,53.9784
11.8286,-43.8991,53.9784
14.2443,-46.0649,56.0609
14.2443,-46.0649,56.0609
14.2443,-46.0649,56.0609
14.2443,-46.0649,56.0609
14.2443,-46.0649,56.0609
14.2443,-46.0649,56.0609
14.2443,-46.0649,56.0609
14.2443,-46.0649,56.0609
14.2443,-46.0649,56.0609
14.2443,-46.0649,56.0609
14.2443,-46.0649,56.0609
14.2443,-46.0649,56.0609
14.2443,-46.0649,56.0609
14.2443,-46.0649,56.0609
14.2443,-45.2319,55.2279
14.2443,-45.2319,55.2279
14.2443,-45.2319,55.2279
14.2443,-45.2319,55.2279
14.2443,-45.2319,55.2279
14.2443,-45.2319,55.2279
14.2443,-45.2319,55.2279
14.2443,-45.2319,55.2279
14.2443,-45.2319,55.2279
14.2443,-45.2319,55.2279
14.2443,-45.2319,55.2279
14.2443,-45.2319,55.2279
14.2443,-45.2319,55.2279
14.2443,-45.2319,55.2279
12.6616,-45.8983,52.6456
12.6616,-45.8983,52.6456
12.6616,-45.8983,52.6456
12.6616,-45.8983,52.6456
12.6616,-45.8983,52.6456
12.6616,-45.8983,52.6456
12.6616,-45.8983,52.6456
12.6616,-45.8983,52.6456
12.6616,-45.8983,52.6456
12.6616,-45.8983,52.6456
12.6616,-45.8983,52.6456
12.6616,-45.8983,52.6456
10.9956,-47.2311,53.1454
10.9956,-47.2311,53.1454
10.9956,-47.2311,53.1454
10.9956,-47.2311,53.1454
10.9956,-47.2311,53.1454
10.9956,-47.2311,53.1454
10.9956,-47.2311,53.1454
10.9956,-47.2311,53.1454
10.9956,-47.2311,53.1454
10.9956,-47.2311,53.1454
10.9956,-47.2311,53.1454
10.9956,-47.2311,53.1454
10.9956,-47.2311,53.1454
11.4121,-50.0633,53.1454
11.4121,-50.0633,53.1454
11.4121,-50.0633,53.1454
11.4121,-50.0633,53.1454
11.4121,-50.0633,53.1454
11.4121,-50.0633,53.1454
11.4121,-50.0633,53.1454
11.4121,-50.0633,53.1454
11.4121,-50.0633,53.1454
11.4121,-50.0633,53.1454
11.4121,-50.0633,53.1454
11.4121,-50.0633,53.1454
11.4121,-50.0633,53.1454
9.2463,-47.0645,55.2279
9.2463,-47.0645,55.2279
9.2463,-47.0645,55.2279
9.2463,-47.0645,55.2279
9.2463,-47.0645,55.2279
9.2463,-47.0645,55.2279
9.2463,-47.0645,55.2279
9.2463,-47.0645,55.2279
9.2463,-47.0645,55.2279
9.2463,-47.0645,55.2279
9.2463,-47.0645,55.2279
9.2463,-47.0645,55.2279
9.2463,-47.0645,55.2279
9.2463,-47.0645,55.2279
12.9115,-46.3148,52.0625
12.9115,-46.3148,52.0625
12.9115,-46.3148,52.0625
12.9115,-46.3148,52.0625
12.9115,-46.3148,52.0625
12.9115,-46.3148,52.0625
12.9115,-46.3148,52.0625
12.9115,-46.3148,52.0625
12.9115,-46.3148,52.0625
12.9115,-46.3148,52.0625
12.9115,-46.3148,52.0625
12.9115,-46.3148,52.0625
12.9115,-46.3148,52.0625
13.5779,-48.8138,52.2291
13.5779,-48.8138,52.2291
13.5779,-48.8138,52.2291
13.5779,-48.8138,52.2291
13.5779,-48.8138,52.2291
13.5779,-48.8138,52.2291
13.5779,-48.8138,52.2291
13.5779,-48.8138,52.2291
13.5779,-48.8138,52.2291
13.5779,-48.8138,52.2291
13.5779,-48.8138,52.2291
13.5779,-48.8138,52.2291
13.5779,-48.8138,52.2291
10.4125,-48.0641,52.479
10.4125,-48.0641,52.479
10.4125,-48.0641,52.479
10.4125,-48.0641,52.479
10.4125,-48.0641,52.479
10.4125,-48.0641,52.479
10.4125,-48.0641,52.479
10.4125,-48.0641,52.479
10.4125,-48.0641,52.479
10.4125,-48.0641,52.479
10.4125,-48.0641,52.479
10.4125,-48.0641,52.479
10.4125,-48.0641,52.479
11.2455,-45.2319,55.2279
11.2455,-45.2319,55.2279
11.2455,-45.2319,55.2279
11.2455,-45.2319,55.2279
11.2455,-45.2319,55.2279
11.2455,-45.2319,55.2279
11.2455,-45.2319,55.2279
11.2455,-45.2319,55.2279
11.2455,-45.2319,55.2279
11.2455,-45.2319,55.2279
11.2455,-45.2319,55.2279
11.2455,-45.2319,55.2279
11.2455,-45.2319,55.2279
10.4125,-48.8138,53.0621
10.4125,-48.8138,53.0621
10.4125,-48.8138,53.0621
10.4125,-48.8138,53.0621
10.4125,-48.8138,53.0621
10.4125,-48.8138,53.0621
10.4125,-48.8138,53.0621
10.4125,-48.8138,53.0621
10.4125,-48.8138,53.0621
10.4125,-48.8138,53.0621
10.4125,-48.8138,53.0621
10.4125,-48.8138,53.0621
11.4121,-50.0633,52.2291
11.4121,-50.0633,52.2291
11.4121,-50.0633,52.2291
11.4121,-50.0633,52.2291
11.4121,-50.0633,52.2291
11.4121,-50.0633,52.2291
11.4121,-50.0633,52.2291
11.4121,-50.0633,52.2291
11.4121,-50.0633,52.2291
11.4121,-50.0633,52.2291
11.4121,-50.0633,52.2291
11.4121,-50.0633,52.2291
11.4121,-50.0633,52.2291
11.4121,-50.0633,52.2291
9.4129,-45.4818,51.8126
9.4129,-45.4818,51.8126
9.4129,-45.4818,51.8126
9.4129,-45.4818,51.8126
9.4129,-45.4818,51.8126
9.4129,-45.4818,51.8126
9.4129,-45.4818,51.8126
9.4129,-45.4818,51.8126
9.4129,-45.4818,51.8126
9.4129,-45.4818,51.8126
9.4129,-45.4818,51.8126
9.4129,-45.4818,51.8126
9.4129,-45.4818,51.8126
9.2463,-47.2311,49.7301
9.2463,-47.2311,49.7301
9.2463,-47.2311,49.7301
9.2463,-47.2311,49.7301
9.2463,-47.2311,49.7301
9.2463,-47.2311,49.7301
9.2463,-47.2311,49.7301
9.2463,-47.2311,49.7301
9.2463,-47.2311,49.7301
9.2463,-47.2311,49.7301
9.2463,-47.2311,49.7301
9.2463,-47.2311,49.7301
9.2463,-47.2311,49.7301
10.1626,-48.4806,52.6456
10.1626,-48.4806,52.6456
10.1626,-48.4806,52.6456
10.1626,-48.4806,52.6456
10.1626,-48.4806,52.6456
10.1626,-48.4806,52.6456
10.1626,-48.4806,52.6456
10.1626,-48.4806,52.6456
10.1626,-48.4806,52.6456
10.1626,-48.4806,52.6456
10.1626,-48.4806,52.6456
10.1626,-48.4806,52.6456
10.1626,-48.4806,52.6456
10.1626,-48.4806,52.6456
8.829801,-46.8146,53.9784
8.829801,-46.8146,53.9784
8.829801,-46.8146,53.9784
8.829801,-46.8146,53.9784
8.829801,-46.8146,53.9784
8.829801,-46.8146,53.9784
8.829801,-46.8146,53.9784
8.829801,-46.8146,53.9784
8.829801,-46.8146,53.9784
8.829801,-46.8146,53.9784
8.829801,-46.8146,53.9784
8.829801,-46.8146,53.9784
10.5791,-47.2311,49.147
10.5791,-47.2311,49.147
10.5791,-47.2311,49.147
10.5791,-47.2311,49.147
10.5791,-47.2311,49.147
10.5791,-47.2311,49.147
10.5791,-47.2311,49.147
10.5791,-47.2311,49.147
10.5791,-47.2311,49.147
10.5791,-47.2311,49.147
10.5791,-47.2311,49.147
10.5791,-47.2311,49.147
10.5791,-47.2311,49.147
10.9956,-48.9804,53.8118
10.9956,-48.9804,53.8118
10.9956,-48.9804,53.8118
10.9956,-48.9804,53.8118
10.9956,-48.9804,53.8118
10.9956,-48.9804,53.8118
10.9956,-48.9804,53.8118
10.9956,-48.9804,53.8118
10.9956,-48.9804,53.8118
10.9956,-48.9804,53.8118
10.9956,-48.9804,53.8118
10.9956,-48.9804,53.8118
10.9956,-48.9804,53.8118
9.6628,-47.0645,51.8126
9.6628,-47.0645,51.8126
9.6628,-47.0645,51.8126
9.6628,-47.0645,51.8126
9.6628,-47.0645,51.8126
9.6628,-47.0645,51.8126
9.6628,-47.0645,51.8126
9.6628,-47.0645,51.8126
9.6628,-47.0645,51.8126
9.6628,-47.0645,51.8126
9.6628,-47.0645,51.8126
9.6628,-47.0645,51.8126
9.6628,-47.0645,51.8126
9.7461,-51.2295,52.479
9.7461,-51.2295,52.479
9.7461,-51.2295,52.479
9.7461,-51.2295,52.479
9.7461,-51.2295,52.479
9.7461,-51.2295,52.479
9.7461,-51.2295,52.479
9.7461,-51.2295,52.479
9.7461,-51.2295,52.479
9.7461,-51.2295,52.479
9.7461,-51.2295,52.479
9.7461,-51.2295,52.479
9.7461,-51.2295,52.479
10.5791,-48.8138,51.3961
10.5791,-48.8138,51.3961
10.5791,-48.8138,51.3961
10.5791,-48.8138,51.3961
10.5791,-48.8138,51.3961
10.5791,-48.8138,51.3961
10.5791,-48.8138,51.3961
10.5791,-48.8138,51.3961
10.5791,-48.8138,51.3961
10.5791,-48.8138,51.3961
10.5791,-48.8138,51.3961
10.5791,-48.8138,51.3961
10.5791,-48.8138,51.3961
10.5791,-48.8138,51.3961
7.9968,-51.8126,50.813
7.9968,-51.8126,50.813
7.9968,-51.8126,50.813
7.9968,-51.8126,50.813
7.9968,-51.8126,50.813
7.9968,-51.8126,50.813
7.9968,-51.8126,50.813
7.9968,-51.8126,50.813
7.9968,-51.8126,50.813
7.9968,-51.8126,50.813
7.9968,-51.8126,50.813
7.9968,-51.8126,50.813
7.9968,-51.8126,50.813
9.6628,-48.314,49.98
9.6628,-48.314,49.98
9.6628,-48.314,49.98
9.6628,-48.314,49.98
9.6628,-48.314,49.98
9.6628,-48.314,49.98
9.6628,-48.314,49.98
9.6628,-48.314,49.98
9.6628,-48.314,49.98
9.6628,-48.314,49.98
9.6628,-48.314,49.98
9.6628,-48.314,49.98
9.6628,-48.314,49.98
9.996,-50.2299,51.2295
9.996,-50.2299,51.2295
9.996,-50.2299,51.2295
9.996,-50.2299,51.2295
9.996,-50.2299,51.2295
9.996,-50.2299,51.2295
9.996,-50.2299,51.2295
9.996,-50.2299,51.2295
9.996,-50.2299,51.2295
9.996,-50.2299,51.2295
9.996,-50.2299,51.2295
9.996,-50.2299,51.2295
9.996,-50.2299,51.2295
9.996,-48.0641,52.479
9.996,-48.0641,52.479
9.996,-48.0641,52.479
9.996,-48.0641,52.479
9.996,-48.0641,52.479
9.996,-48.0641,52.479
9.996,-48.0641,52.479
9.996,-48.0641,52.479
9.996,-48.0641,52.479
9.996,-48.0641,52.479
9.996,-48.0641,52.479
9.996,-48.0641,52.479
9.996,-48.0641,52.479
10.1626,-46.0649,51.3961
10.1626,-46.0649,51.3961
10.1626,-46.0649,51.3961
10.1626,-46.0649,51.3961
10.1626,-46.0649,51.3961
10.1626,-46.0649,51.3961
10.1626,-46.0649,51.3961
10.1626,-46.0649,51.3961
10.1626,-46.0649,51.3961
10.1626,-46.0649,51.3961
10.1626,-46.0649,51.3961
10.1626,-46.0649,51.3961
10.1626,-46.0649,51.3961
11.4121,-46.0649,51.646
11.4121,-46.0649,51.646
11.4121,-46.0649,51.646
11.4121,-46.0649,51.646
11.4121,-46.0649,51.646
11.4121,-46.0649,51.646
11.4121,-46.0649,51.646
11.4121,-46.0649,51.646
11.4121,-46.0649,51.646
11.4121,-46.0649,51.646
11.4121,-46.0649,51.646
11.4121,-46.0649,51.646
11.4121,-46.0649,51.646
11.4121,-46.0649,51.646
8.5799,-48.4806,50.9796
8.5799,-48.4806,50.9796
8.5799,-48.4806,50.9796
8.5799,-48.4806,50.9796
8.5799,-48.4806,50.9796
8.5799,-48.4806,50.9796
8.5799,-48.4806,50.9796
8.5799,-48.4806,50.9796
8.5799,-48.4806,50.9796
8.5799,-48.4806,50.9796
8.5799,-48.4806,50.9796
8.5799,-48.4806,50.9796
8.5799,-48.4806,50.9796
9.4129,-47.0645,49.98
9.4129,-47.0645,49.98
9.4129,-47.0645,49.98
9.4129,-47.0645,49.98
9.4129,-47.0645,49.98
9.4129,-47.0645,49.98
9.4129,-47.0645,49.98
9.4129,-47.0645,49.98
9.4129,-47.0645,49.98
9.4129,-47.0645,49.98
9.4129,-47.0645,49.98
9.4129,-47.0645,49.98
9.4129,-47.0645,49.98
11.4121,-47.481,51.3961
11.4121,-47.481,51.3961
11.4121,-47.481,51.3961
11.4121,-47.481,51.3961
11.4121,-47.481,51.3961
11.4121,-47.481,51.3961
11.4121,-47.481,51.3961
11.4121,-47.481,51.3961
11.4121,-47.481,51.3961
11.4121,-47.481,51.3961
11.4121,-47.481,51.3961
11.4121,-47.481,51.3961
9.4129,-49.8134,49.98
9.4129,-49.8134,49.98
9.4129,-49.8134,49.98
9.4129,-49.8134,49.98
9.4129,-49.8134,49.98
9.4129,-49.8134,49.98
9.4129,-49.8134,49.98
9.4129,-49.8134,49.98
9.4129,-49.8134,49.98
9.4129,-49.8134,49.98
9.4129,-49.8134,49.98
9.4129,-49.8134,49.98
9.4129,-49.8134,49.98
8.413301,-47.6476,52.2291
8.413301,-47.6476,52.2291
8.413301,-47.6476,52.2291
8.413301,-47.6476,52.2291
8.413301,-47.6476,52.2291
8.413301,-47.6476,52.2291
8.413301,-47.6476,52.2291
8.413301,-47.6476,52.2291
8.413301,-47.6476,52.2291
8.413301,-47.6476,52.2291
8.413301,-47.6476,52.2291
8.413301,-47.6476,52.2291
8.413301,-47.6476,52.2291
8.413301,-47.6476,52.2291
8.413301,-47.6476,52.2291
9.996,-45.0653,51.646
9.996,-45.0653,51.646
9.996,-45.0653,51.646
9.996,-45.0653,51.646
9.996,-45.0653,51.646
9.996,-45.0653,51.646
9.996,-45.0653,51.646
9.996,-45.0653,51.646
9.996,-45.0653,51.646
9.996,-45.0653,51.646
9.996,-45.0653,51.646
9.996,-45.0653,51.646
7.3304,-47.8975,53.0621
7.3304,-47.8975,53.0621
7.3304,-47.8975,53.0621
7.3304,-47.8975,53.0621
7.3304,-47.8975,53.0621
7.3304,-47.8975,53.0621
7.3304,-47.8975,53.0621
7.3304,-47.8975,53.0621
7.3304,-47.8975,53.0621
7.3304,-47.8975,53.0621
7.3304,-47.8975,53.0621
7.3304,-47.8975,53.0621
7.3304,-47.8975,53.0621
7.7469,-45.6484,52.479
7.7469,-45.6484,52.479
7.7469,-45.6484,52.479
7.7469,-45.6484,52.479
7.7469,-45.6484,52.479
7.7469,-45.6484,52.479
7.7469,-45.6484,52.479
7.7469,-45.6484,52.479
7.7469,-45.6484,52.479
7.7469,-45.6484,52.479
7.7469,-45.6484,52.479
7.7469,-45.6484,52.479
7.7469,-45.6484,52.479
10.1626,-47.481,53.3953
10.1626,-47.481,53.3953
10.1626,-47.481,53.3953
10.1626,-47.481,53.3953
10.1626,-47.481,53.3953
10.1626,-47.481,53.3953
10.1626,-47.481,53.3953
10.1626,-47.481,53.3953
10.1626,-47.481,53.3953
10.1626,-47.481,53.3953
10.1626,-47.481,53.3953
10.1626,-47.481,53.3953
10.1626,-47.481,53.3953
3.332,-34.5695,56.0609
3.332,-34.5695,56.0609
3.332,-34.5695,56.0609
3.332,-34.5695,56.0609
3.332,-34.5695,56.0609
3.332,-34.5695,56.0609
3.332,-34.5695,56.0609
3.332,-34.5695,56.0609
3.332,-34.5695,56.0609
3.332,-34.5695,56.0609
3.332,-34.5695,56.0609
3.332,-34.5695,56.0609
3.332,-34.5695,56.0609
-8.9964,-42.2331,47.8975
-8.9964,-42.2331,47.8975
-8.9964,-42.2331,47.8975
-8.9964,-42.2331,47.8975
-8.9964,-42.2331,47.8975
-8.9964,-42.2331,47.8975
-8.9964,-42.2331,47.8975
-8.9964,-42.2331,47.8975
-8.9964,-42.2331,47.8975
-8.9964,-42.2331,47.8975
-8.9964,-42.2331,47.8975
-8.9964,-42.2331,47.8975
-8.9964,-42.2331,47.8975
-8.9964,-42.2331,47.8975
-1.9159,-57.6436,38.0681
-1.9159,-57.6436,38.0681
-1.9159,-57.6436,38.0681
-1.9159,-57.6436,38.0681
-1.9159,-57.6436,38.0681
-1.9159,-57.6436,38.0681
-1.9159,-57.6436,38.0681
-1.9159,-57.6436,38.0681
-1.9159,-57.6436,38.0681
-1.9159,-57.6436,38.0681
-1.9159,-57.6436,38.0681
-1.9159,-57.6436,38.0681
1.0829,-44.3989,44.3156
1.0829,-44.3989,44.3156
1.0829,-44.3989,44.3156
1.0829,-44.3989,44.3156
1.0829,-44.3989,44.3156
1.0829,-44.3989,44.3156
1.0829,-44.3989,44.3156
1.0829,-44.3989,44.3156
1.0829,-44.3989,44.3156
1.0829,-44.3989,44.3156
1.0829,-44.3989,44.3156
1.0829,-44.3989,44.3156
1.0829,-44.3989,44.3156
-2.5823,-39.6508,49.3136
-2.5823,-39.6508,49.3136
-2.5823,-39.6508,49.3136
-2.5823,-39.6508,49.3136
-2.5823,-39.6508,49.3136
-2.5823,-39.6508,49.3136
-2.5823,-39.6508,49.3136
-2.5823,-39.6508,49.3136
-2.5823,-39.6508,49.3136
-2.5823,-39.6508,49.3136
-2.5823,-39.6508,49.3136
-2.5823,-39.6508,49.3136
-2.5823,-39.6508,49.3136
-2.5823,-39.6508,49.3136
-0.2499,-38.7345,51.3961
-0.2499,-38.7345,51.3961
-0.2499,-38.7345,51.3961
-0.2499,-38.7345,51.3961
-0.2499,-38.7345,51.3961
-0.2499,-38.7345,51.3961
-0.2499,-38.7345,51.3961
-0.2499,-38.7345,51.3961
-0.2499,-38.7345,51.3961
-0.2499,-38.7345,51.3961
-0.2499,-38.7345,51.3961
-0.2499,-38.7345,51.3961
-0.2499,-38.7345,51.3961
0.6664,-38.9011,48.7305
0.6664,-38.9011,48.7305
0.6664,-38.9011,48.7305
0.6664,-38.9011,48.7305
0.6664,-38.9011,48.7305
0.6664,-38.9011,48.7305
0.6664,-38.9011,48.7305
0.6664,-38.9011,48.7305
0.6664,-38.9011,48.7305
0.6664,-38.9011,48.7305
0.6664,-38.9011,48.7305
0.6664,-38.9011,48.7305
-1.4994,-40.0673,53.0621
-1.4994,-40.0673,53.0621
-1.4994,-40.0673,53.0621
-1.4994,-40.0673,53.0621
-1.4994,-40.0673,53.0621
-1.4994,-40.0673,53.0621
-1.4994,-40.0673,53.0621
-1.4994,-40.0673,53.0621
-1.4994,-40.0673,53.0621
-1.4994,-40.0673,53.0621
-1.4994,-40.0673,53.0621
-1.4994,-40.0673,53.0621
-1.4994,-40.0673,53.0621
-1.4994,-40.0673,53.0621
0.9163,-36.3188,51.2295
0.9163,-36.3188,51.2295
0.9163,-36.3188,51.2295
0.9163,-36.3188,51.2295
0.9163,-36.3188,51.2295
0.9163,-36.3188,51.2295
0.9163,-36.3188,51.2295
0.9163,-36.3188,51.2295
0.9163,-36.3188,51.2295
0.9163,-36.3188,51.2295
0.9163,-36.3188,51.2295
0.9163,-36.3188,51.2295
-0.0833,-38.9011,49.7301
-0.0833,-38.9011,49.7301
-0.0833,-38.9011,49.7301
-0.0833,-38.9011,49.7301
-0.0833,-38.9011,49.7301
-0.0833,-38.9011,49.7301
-0.0833,-38.9011,49.7301
-0.0833,-38.9011,49.7301
-0.0833,-38.9011,49.7301
-0.0833,-38.9011,49.7301
-0.0833,-38.9011,49.7301
-0.0833,-38.9011,49.7301
-0.0833,-38.9011,49.7301
-0.0833,-38.9011,49.7301
1.4994,-37.9015,48.314
1.4994,-37.9015,48.314
1.4994,-37.9015,48.314
1.4994,-37.9015,48.314
1.4994,-37.9015,48.314
1.4994,-37.9015,48.314
1.4994,-37.9015,48.314
1.4994,-37.9015,48.314
1.4994,-37.9015,48.314
1.4994,-37.9015,48.314
1.4994,-37.9015,48.314
1.4994,-37.9015,48.314
-1.0829,-38.0681,44.7321
-1.0829,-38.0681,44.7321
-1.0829,-38.0681,44.7321
-1.0829,-38.0681,44.7321
-1.0829,-38.0681,44.7321
-1.0829,-38.0681,44.7321
-1.0829,-38.0681,44.7321
-1.0829,-38.0681,44.7321
-1.0829,-38.0681,44.7321
-1.0829,-38.0681,44.7321
-1.0829,-38.0681,44.7321
-1.0829,-38.0681,44.7321
-1.0829,-38.0681,44.7321
-1.0829,-38.0681,44.7321
-1.9159,-40.2339,51.3961
-1.9159,-40.2339,51.3961
-1.9159,-40.2339,51.3961
-1.9159,-40.2339,51.3961
-1.9159,-40.2339,51.3961
-1.9159,-40.2339,51.3961
-1.9159,-40.2339,51.3961
-1.9159,-40.2339,51.3961
-1.9159,-40.2339,51.3961
-1.9159,-40.2339,51.3961
-1.9159,-40.2339,51.3961
-1.9159,-40.2339,51.3961
-1.9159,-40.2339,51.3961
0.0833,-38.0681,51.8126
0.0833,-38.0681,51.8126
0.0833,-38.0681,51.8126
0.0833,-38.0681,51.8126
0.0833,-38.0681,51.8126
0.0833,-38.0681,51.8126
0.0833,-38.0681,51.8126
0.0833,-38.0681,51.8126
0.0833,-38.0681,51.8126
0.0833,-38.0681,51.8126
0.0833,-38.0681,51.8126
0.0833,-38.0681,51.8126
0.0833,-38.0681,51.8126
-0.2499,-38.318,52.479
-0.2499,-38.318,52.479
-0.2499,-38.318,52.479
-0.2499,-38.318,52.479
-0.2499,-38.318,52.479
-0.2499,-38.318,52.479
-0.2499,-38.318,52.479
-0.2499,-38.318,52.479
-0.2499,-38.318,52.479
-0.2499,-38.318,52.479
-0.2499,-38.318,52.479
-0.2499,-38.318,52.479
-0.2499,-38.318,52.479
1.3328,-39.151,50.3965
1.3328,-39.151,50.3965
1.3328,-39.151,50.3965
1.3328,-39.151,50.3965
1.3328,-39.151,50.3965
1.3328,-39.151,50.3965
1.3328,-39.151,50.3965
1.3328,-39.151,50.3965
1.3328,-39.151,50.3965
1.3328,-39.151,50.3965
1.3328,-39.151,50.3965
1.3328,-39.151,50.3965
1.3328,-39.151,50.3965
-0.9163,-40.0673,54.2283
-0.9163,-40.0673,54.2283
-0.9163,-40.0673,54.2283
-0.9163,-40.0673,54.2283
-0.9163,-40.0673,54.2283
-0.9163,-40.0673,54.2283
-0.9163,-40.0673,54.2283
-0.9163,-40.0673,54.2283
-0.9163,-40.0673,54.2283
-0.9163,-40.0673,54.2283
-0.9163,-40.0673,54.2283
-0.9163,-40.0673,54.2283
-0.9163,-40.0673,54.2283
-1.0829,-42.8995,49.98
-1.0829,-42.8995,49.98
-1.0829,-42.8995,49.98
-1.0829,-42.8995,49.98
-1.0829,-42.8995,49.98
-1.0829,-42.8995,49.98
-1.0829,-42.8995,49.98
-1.0829,-42.8995,49.98
-1.0829,-42.8995,49.98
-1.0829,-42.8995,49.98
-1.0829,-42.8995,49.98
-1.0829,-42.8995,49.98
-1.0829,-42.8995,49.98
1.9159,-40.9003,49.7301
1.9159,-40.9003,49.7301
1.9159,-40.9003,49.7301
1.9159,-40.9003,49.7301
1.9159,-40.9003,49.7301
1.9159,-40.9003,49.7301
1.9159,-40.9003,49.7301
1.9159,-40.9003,49.7301
1.9159,-40.9003,49.7301
1.9159,-40.9003,49.7301
1.9159,-40.9003,49.7301
1.9159,-40.9003,49.7301
1.9159,-40.9003,49.7301
0.9163,-38.0681,51.646
0.9163,-38.0681,51.646
0.9163,-38.0681,51.646
0.9163,-38.0681,51.646
0.9163,-38.0681,51.646
0.9163,-38.0681,51.646
0.9163,-38.0681,51.646
0.9163,-38.0681,51.646
0.9163,-38.0681,51.646
0.9163,-38.0681,51.646
0.9163,-38.0681,51.646
0.9163,-38.0681,51.646
0.9163,-38.0681,51.646
0.9163,-38.0681,51.646
0.9163,-36.7353,53.0621
0.9163,-36.7353,53.0621
0.9163,-36.7353,53.0621
0.9163,-36.7353,53.0621
0.9163,-36.7353,53.0621
0.9163,-36.7353,53.0621
0.9163,-36.7353,53.0621
0.9163,-36.7353,53.0621
0.9163,-36.7353,53.0621
0.9163,-36.7353,53.0621
0.9163,-36.7353,53.0621
0.9163,-36.7353,53.0621
0.6664,-40.2339,50.813
0.6664,-40.2339,50.813
0.6664,-40.2339,50.813
0.6664,-40.2339,50.813
0.6664,-40.2339,50.813
0.6664,-40.2339,50.813
0.6664,-40.2339,50.813
0.6664,-40.2339,50.813
0.6664,-40.2339,50.813
0.6664,-40.2339,50.813
0.6664,-40.2339,50.813
0.6664,-40.2339,50.813
0.6664,-40.2339,50.813
0.6664,-40.2339,50.813
-0.6664,-36.4854,51.3961
-0.6664,-36.4854,51.3961
-0.6664,-36.4854,51.3961
-0.6664,-36.4854,51.3961
-0.6664,-36.4854,51.3961
-0.6664,-36.4854,51.3961
-0.6664,-36.4854,51.3961
-0.6664,-36.4854,51.3961
-0.6664,-36.4854,51.3961
-0.6664,-36.4854,51.3961
-0.6664,-36.4854,51.3961
-0.6664,-36.4854,51.3961
-0.6664,-36.4854,51.3961
-3.1654,-39.151,52.0625
-3.1654,-39.151,52.0625
-3.1654,-39.151,52.0625
-3.1654,-39.151,52.0625
-3.1654,-39.151,52.0625
-3.1654,-39.151,52.0625
-3.1654,-39.151,52.0625
-3.1654,-39.151,52.0625
-3.1654,-39.151,52.0625
-3.1654,-39.151,52.0625
-3.1654,-39.151,52.0625
-3.1654,-39.151,52.0625
-3.1654,-39.151,52.0625
-0.4998,-41.4834,52.8955
-0.4998,-41.4834,52.8955
-0.4998,-41.4834,52.8955
-0.4998,-41.4834,52.8955
-0.4998,-41.4834,52.8955
-0.4998,-41.4834,52.8955
-0.4998,-41.4834,52.8955
-0.4998,-41.4834,52.8955
-0.4998,-41.4834,52.8955
-0.4998,-41.4834,52.8955
-0.4998,-41.4834,52.8955
-0.4998,-41.4834,52.8955
-0.9163,-42.0665,50.1466
-0.9163,-42.0665,50.1466
-0.9163,-42.0665,50.1466
-0.9163,-42.0665,50.1466
-0.9163,-42.0665,50.1466
-0.9163,-42.0665,50.1466
-0.9163,-42.0665,50.1466
-0.9163,-42.0665,50.1466
-0.9163,-42.0665,50.1466
-0.9163,-42.0665,50.1466
-0.9163,-42.0665,50.1466
-0.9163,-42.0665,50.1466
-0.9163,-42.0665,50.1466
-0.9163,-42.0665,50.1466
1.3328,-38.4846,49.147
1.3328,-38.4846,49.147
1.3328,-38.4846,49.147
1.3328,-38.4846,49.147
1.3328,-38.4846,49.147
1.3328,-38.4846,49.147
1.3328,-38.4846,49.147
1.3328,-38.4846,49.147
1.3328,-38.4846,49.147
1.3328,-38.4846,49.147
1.3328,-38.4846,49.147
1.3328,-38.4846,49.147
2.5823,-36.9019,50.813
2.5823,-36.9019,50.813
2.5823,-36.9019,50.813
2.5823,-36.9019,50.813
2.5823,-36.9019,50.813
2.5823,-36.9019,50.813
2.5823,-36.9019,50.813
2.5823,-36.9019,50.813
2.5823,-36.9019,50.813
2.5823,-36.9019,50.813
2.5823,-36.9019,50.813
2.5823,-36.9019,50.813
2.5823,-36.9019,50.813
2.3324,-40.6504,46.648
2.3324,-40.6504,46.648
2.3324,-40.6504,46.648
2.3324,-40.6504,46.648
2.3324,-40.6504,46.648
2.3324,-40.6504,46.648
2.3324,-40.6504,46.648
2.3324,-40.6504,46.648
2.3324,-40.6504,46.648
2.3324,-40.6504,46.648
2.3324,-40.6504,46.648
2.3324,-40.6504,46.648
2.3324,-40.6504,46.648
0.9163,-39.8174,48.4806
0.9163,-39.8174,48.4806
0.9163,-39.8174,48.4806
0.9163,-39.8174,48.4806
0.9163,-39.8174,48.4806
0.9163,-39.8174,48.4806
0.9163,-39.8174,48.4806
0.9163,-39.8174,48.4806
0.9163,-39.8174,48.4806
0.9163,-39.8174,48.4806
0.9163,-39.8174,48.4806
0.9163,-39.8174,48.4806
0.9163,-39.8174,48.4806
0.4998,-39.3176,49.5635
0.4998,-39.3176,49.5635
0.4998,-39.3176,49.5635
0.4998,-39.3176,49.5635
0.4998,-39.3176,49.5635
0.4998,-39.3176,49.5635
0.4998,-39.3176,49.5635
0.4998,-39.3176,49.5635
0.4998,-39.3176,49.5635
0.4998,-39.3176,49.5635
0.4998,-39.3176,49.5635
0.4998,-39.3176,49.5635
0.4998,-39.3176,49.5635
1.0829,-38.9011,49.7301
1.0829,-38.9011,49.7301
1.0829,-38.9011,49.7301
1.0829,-38.9011,49.7301
1.0829,-38.9011,49.7301
1.0829,-38.9011,49.7301
1.0829,-38.9011,49.7301
1.0829,-38.9011,49.7301
1.0829,-38.9011,49.7301
1.0829,-38.9011,49.7301
1.0829,-38.9011,49.7301
1.0829,-38.9011,49.7301
1.0829,-38.9011,49.7301
1.0829,-37.2351,53.3953
1.0829,-37.2351,53.3953
1.0829,-37.2351,53.3953
1.0829,-37.2351,53.3953
1.0829,-37.2351,53.3953
1.0829,-37.2351,53.3953
1.0829,-37.2351,53.3953
1.0829,-37.2351,53.3953
1.0829,-37.2351,53.3953
1.0829,-37.2351,53.3953
1.0829,-37.2351,53.3953
1.0829,-37.2351,53.3953
1.0829,-37.2351,53.3953
1.0829,-37.2351,53.3953
0.6664,-43.316,52.479
0.6664,-43.316,52.479
0.6664,-43.316,52.479
0.6664,-43.316,52.479
0.6664,-43.316,52.479
0.6664,-43.316,52.479
0.6664,-43.316,52.479
0.6664,-43.316,52.479
0.6664,-43.316,52.479
0.6664,-43.316,52.479
0.6664,-40.6504,50.9796
0.6664,-40.6504,50.9796
0.6664,-40.6504,50.9796
0.6664,-40.6504,50.9796
0.6664,-40.6504,50.9796
0.6664,-40.6504,50.9796
0.6664,-40.6504,50.9796
0.6664,-40.6504,50.9796
0.6664,-40.6504,50.9796
0.6664,-40.6504,50.9796
0.6664,-40.6504,50.9796
0.6664,-40.6504,50.9796
0.6664,-40.6504,50.9796
0.6664,-40.6504,50.9796
-0.2499,-37.485,49.98
-0.2499,-37.485,49.98
-0.2499,-37.485,49.98
-0.2499,-37.485,49.98
-0.2499,-37.485,49.98
-0.2499,-37.485,49.98
-0.2499,-37.485,49.98
-0.2499,-37.485,49.98
-0.2499,-37.485,49.98
-0.2499,-37.485,49.98
-0.2499,-37.485,49.98
-0.2499,-37.485,49.98
0.2499,-40.6504,50.1466
0.2499,-40.6504,50.1466
0.2499,-40.6504,50.1466
0.2499,-40.6504,50.1466
0.2499,-40.6504,50.1466
0.2499,-40.6504,50.1466
0.2499,-40.6504,50.1466
0.2499,-40.6504,50.1466
0.2499,-40.6504,50.1466
0.2499,-40.6504,50.1466
0.2499,-40.6504,50.1466
0.2499,-40.6504,50.1466
0.2499,-40.6504,50.1466
0.2499,-40.6504,50.1466
0.2499,-40.0673,52.6456
0.2499,-40.0673,52.6456
0.2499,-40.0673,52.6456
0.2499,-40.0673,52.6456
0.2499,-40.0673,52.6456
0.2499,-40.0673,52.6456
0.2499,-40.0673,52.6456
0.2499,-40.0673,52.6456
0.2499,-40.0673,52.6456
0.2499,-40.0673,52.6456
0.2499,-40.0673,52.6456
0.2499,-40.0673,52.6456
-2.1658,-38.318,50.1466
-2.1658,-38.318,50.1466
-2.1658,-38.318,50.1466
-2.1658,-38.318,50.1466
-2.1658,-38.318,50.1466
-2.1658,-38.318,50.1466
-2.1658,-38.318,50.1466
-2.1658,-38.318,50.1466
-2.1658,-38.318,50.1466
-2.1658,-38.318,50.1466
-2.1658,-38.318,50.1466
-2.1658,-38.318,50.1466
-2.1658,-38.318,50.1466
-2.1658,-38.318,50.1466
-0.2499,-37.9015,51.8126
-0.2499,-37.9015,51.8126
-0.2499,-37.9015,51.8126
-0.2499,-37.9015,51.8126
-0.2499,-37.9015,51.8126
-0.2499,-37.9015,51.8126
-0.2499,-37.9015,51.8126
-0.2499,-37.9015,51.8126
-0.2499,-37.9015,51.8126
-0.2499,-37.9015,51.8126
-0.2499,-37.9015,51.8126
-0.2499,-37.9015,51.8126
-0.2499,-37.9015,51.8126
1.4994,-37.2351,50.1466
1.4994,-37.2351,50.1466
1.4994,-37.2351,50.1466
1.4994,-37.2351,50.1466
1.4994,-37.2351,50.1466
1.4994,-37.2351,50.1466
1.4994,-37.2351,50.1466
1.4994,-37.2351,50.1466
1.4994,-37.2351,50.1466
1.4994,-37.2351,50.1466
1.4994,-37.2351,50.1466
1.4994,-37.2351,50.1466
1.4994,-37.2351,50.1466
1.4994,-37.2351,50.1466
1.3328,-40.6504,49.5635
1.3328,-40.6504,49.5635
1.3328,-40.6504,49.5635
1.3328,-40.6504,49.5635
1.3328,-40.6504,49.5635
1.3328,-40.6504,49.5635
1.3328,-40.6504,49.5635
1.3328,-40.6504,49.5635
1.3328,-40.6504,49.5635
1.3328,-40.6504,49.5635
1.3328,-40.6504,49.5635
1.3328,-41.3168,48.8971
1.3328,-41.3168,48.8971
1.3328,-41.3168,48.8971
1.3328,-41.3168,48.8971
1.3328,-41.3168,48.8971
1.3328,-41.3168,48.8971
1.3328,-41.3168,48.8971
1.3328,-41.3168,48.8971
1.3328,-41.3168,48.8971
1.3328,-41.3168,48.8971
1.3328,-41.3168,48.8971
1.3328,-41.3168,48.8971
1.3328,-41.3168,48.8971
1.3328,-41.3168,48.8971
-3.1654,-40.2339,54.2283
-3.1654,-40.2339,54.2283
-3.1654,-40.2339,54.2283
-3.1654,-40.2339,54.2283
-3.1654,-40.2339,54.2283
-3.1654,-40.2339,54.2283
-3.1654,-40.2339,54.2283
-3.1654,-40.2339,54.2283
-3.1654,-40.2339,54.2283
-3.1654,-40.2339,54.2283
-3.1654,-40.2339,54.2283
-3.1654,-40.2339,54.2283
-3.1654,-40.2339,54.2283
0,-39.3176,52.2291
0,-39.3176,52.2291
0,-39.3176,52.2291
0,-39.3176,52.2291
0,-39.3176,52.2291
0,-39.3176,52.2291
0,-39.3176,52.2291
0,-39.3176,52.2291
0,-39.3176,52.2291
0,-39.3176,52.2291
0,-39.3176,52.2291
0,-39.3176,52.2291
0,-39.3176,52.2291
0.6664,-37.9015,49.7301
0.6664,-37.9015,49.7301
0.6664,-37.9015,49.7301
0.6664,-37.9015,49.7301
0.6664,-37.9015,49.7301
0.6664,-37.9015,49.7301
0.6664,-37.9015,49.7301
0.6664,-37.9015,49.7301
0.6664,-37.9015,49.7301
0.6664,-37.9015,49.7301
0.6664,-37.9015,49.7301
0.6664,-37.9015,49.7301
1.3328,-38.7345,50.1466
1.3328,-38.7345,50.1466
1.3328,-38.7345,50.1466
1.3328,-38.7345,50.1466
1.3328,-38.7345,50.1466
1.3328,-38.7345,50.1466
1.3328,-38.7345,50.1466
1.3328,-38.7345,50.1466
1.3328,-38.7345,50.1466
1.3328,-38.7345,50.1466
1.3328,-38.7345,50.1466
1.3328,-38.7345,50.1466
1.3328,-38.7345,50.1466
1.3328,-38.7345,50.1466
-1.4994,-40.9003,49.147
-1.4994,-40.9003,49.147
-1.4994,-40.9003,49.147
-1.4994,-40.9003,49.147
-1.4994,-40.9003,49.147
-1.4994,-40.9003,49.147
-1.4994,-40.9003,49.147
-1.4994,-40.9003,49.147
-1.4994,-40.9003,49.147
-1.4994,-40.9003,49.147
-1.4994,-40.9003,49.147
-1.4994,-40.9003,49.147
-1.4994,-40.9003,49.147
1.9159,-39.6508,53.8118
1.9159,-39.6508,53.8118
1.9159,-39.6508,53.8118
1.9159,-39.6508,53.8118
1.9159,-39.6508,53.8118
1.9159,-39.6508,53.8118
1.9159,-39.6508,53.8118
1.9159,-39.6508,53.8118
1.9159,-39.6508,53.8118
1.9159,-39.6508,53.8118
1.9159,-39.6508,53.8118
1.9159,-39.6508,53.8118
1.9159,-39.6508,53.8118
-4.3316,-39.151,48.8971
-4.3316,-39.151,48.8971
-4.3316,-39.151,48.8971
-4.3316,-39.151,48.8971
-4.3316,-39.151,48.8971
-4.3316,-39.151,48.8971
-4.3316,-39.151,48.8971
-4.3316,-39.151,48.8971
-4.3316,-39.151,48.8971
-4.3316,-39.151,48.8971
-4.3316,-39.151,48.8971
-4.3316,-39.151,48.8971
-4.3316,-39.151,48.8971
-4.3316,-39.151,48.8971
-0.6664,-40.0673,50.813
-0.6664,-40.0673,50.813
-0.6664,-40.0673,50.813
-0.6664,-40.0673,50.813
-0.6664,-40.0673,50.813
-0.6664,-40.0673,50.813
-0.6664,-40.0673,50.813
-0.6664,-40.0673,50.813
-0.6664,-40.0673,50.813
-0.6664,-40.0673,50.813
-0.6664,-40.0673,50.813
-0.6664,-40.0673,50.813
-0.2499,-39.151,50.813
-0.2499,-39.151,50.813
-0.2499,-39.151,50.813
-0.2499,-39.151,50.813
-0.2499,-39.151,50.813
-0.2499,-39.151,50.813
-0.2499,-39.151,50.813
-0.2499,-39.151,50.813
-0.2499,-39.151,50.813
-0.2499,-39.151,50.813
-0.2499,-39.151,50.813
-0.2499,-39.151,50.813
-0.2499,-39.151,50.813
-0.4998,-39.3176,52.8955
-0.4998,-39.3176,52.8955
-0.4998,-39.3176,52.8955
-0.4998,-39.3176,52.8955
-0.4998,-39.3176,52.8955
-0.4998,-39.3176,52.8955
-0.4998,-39.3176,52.8955
-0.4998,-39.3176,52.8955
-0.4998,-39.3176,52.8955
-0.4998,-39.3176,52.8955
-0.4998,-39.3176,52.8955
-0.4998,-39.3176,52.8955
-0.4998,-39.3176,52.8955
0.4998,-44.2323,50.5631
0.4998,-44.2323,50.5631
0.4998,-44.2323,50.5631
0.4998,-44.2323,50.5631
0.4998,-44.2323,50.5631
0.4998,-44.2323,50.5631
0.4998,-44.2323,50.5631
0.4998,-44.2323,50.5631
0.4998,-44.2323,50.5631
0.4998,-44.2323,50.5631
0.4998,-44.2323,50.5631
0.4998,-44.2323,50.5631
0.4998,-44.2323,50.5631
0.2499,-39.3176,49.5635
0.2499,-39.3176,49.5635
0.2499,-39.3176,49.5635
0.2499,-39.3176,49.5635
0.2499,-39.3176,49.5635
0.2499,-39.3176,49.5635
0.2499,-39.3176,49.5635
0.2499,-39.3176,49.5635
0.2499,-39.3176,49.5635
0.2499,-39.3176,49.5635
0.2499,-39.3176,49.5635
0.2499,-39.3176,49.5635
-1.9159,-38.9011,52.2291
-1.9159,-38.9011,52.2291
-1.9159,-38.9011,52.2291
-1.9159,-38.9011,52.2291
-1.9159,-38.9011,52.2291
-1.9159,-38.9011,52.2291
-1.9159,-38.9011,52.2291
-1.9159,-38.9011,52.2291
-1.9159,-38.9011,52.2291
-1.9159,-38.9011,52.2291
-1.9159,-38.9011,52.2291
-1.9159,-38.9011,52.2291
-1.9159,-38.9011,52.2291
-1.9159,-38.9011,52.2291
0.0833,-39.6508,48.0641
0.0833,-39.6508,48.0641
0.0833,-39.6508,48.0641
0.0833,-39.6508,48.0641
0.0833,-39.6508,48.0641
0.0833,-39.6508,48.0641
0.0833,-39.6508,48.0641
0.0833,-39.6508,48.0641
0.0833,-39.6508,48.0641
0.0833,-39.6508,48.0641
0.0833,-39.6508,48.0641
0.0833,-39.6508,48.0641
0.0833,-39.6508,48.0641
1.0829,-43.0661,49.147
1.0829,-43.0661,49.147
1.0829,-43.0661,49.147
1.0829,-43.0661,49.147
1.0829,-43.0661,49.147
1.0829,-43.0661,49.147
1.0829,-43.0661,49.147
1.0829,-43.0661,49.147
1.0829,-43.0661,49.147
1.0829,-43.0661,49.147
1.0829,-43.0661,49.147
1.0829,-43.0661,49.147
1.0829,-43.0661,49.147
-1.7493,-37.9015,49.5635
-1.7493,-37.9015,49.5635
-1.7493,-37.9015,49.5635
-1.7493,-37.9015,49.5635
-1.7493,-37.9015,49.5635
-1.7493,-37.9015,49.5635
-1.7493,-37.9015,49.5635
-1.7493,-37.9015,49.5635
-1.7493,-37.9015,49.5635
-1.7493,-37.9015,49.5635
-1.7493,-37.9015,49.5635
-1.7493,-37.9015,49.5635
-1.7493,-37.9015,49.5635
-1.7493,-37.9015,49.5635
1.0829,-41.8166,52.479
1.0829,-41.8166,52.479
1.0829,-41.8166,52.479
1.0829,-41.8166,52.479
1.0829,-41.8166,52.479
1.0829,-41.8166,52.479
1.0829,-41.8166,52.479
1.0829,-41.8166,52.479
1.0829,-41.8166,52.479
1.0829,-41.8166,52.479
1.0829,-41.8166,52.479
1.0829,-41.8166,52.479
2.7489,-40.0673,51.2295
2.7489,-40.0673,51.2295
2.7489,-40.0673,51.2295
2.7489,-40.0673,51.2295
2.7489,-40.0673,51.2295
2.7489,-40.0673,51.2295
2.7489,-40.0673,51.2295
2.7489,-40.0673,51.2295
2.7489,-40.0673,51.2295
2.7489,-40.0673,51.2295
2.7489,-40.0673,51.2295
2.7489,-40.0673,51.2295
2.7489,-40.0673,51.2295
2.7489,-40.0673,51.2295
1.3328,-39.3176,48.314
1.3328,-39.3176,48.314
1.3328,-39.3176,48.314
1.3328,-39.3176,48.314
1.3328,-39.3176,48.314
1.3328,-39.3176,48.314
1.3328,-39.3176,48.314
1.3328,-39.3176,48.314
1.3328,-39.3176,48.314
1.3328,-39.3176,48.314
1.3328,-39.3176,48.314
1.3328,-39.3176,48.314
0.9163,-40.2339,51.3961
0.9163,-40.2339,51.3961
0.9163,-40.2339,51.3961
0.9163,-40.2339,51.3961
0.9163,-40.2339,51.3961
0.9163,-40.2339,51.3961
0.9163,-40.2339,51.3961
0.9163,-40.2339,51.3961
0.9163,-40.2339,51.3961
0.9163,-40.2339,51.3961
0.9163,-40.2339,51.3961
0.9163,-40.2339,51.3961
0.9163,-40.2339,51.3961
0.9163,-40.2339,51.3961
0,-39.151,49.7301
0,-39.151,49.7301
0,-39.151,49.7301
0,-39.151,49.7301
0,-39.151,49.7301
0,-39.151,49.7301
0,-39.151,49.7301
0,-39.151,49.7301
0,-39.151,49.7301
0,-39.151,49.7301
0,-39.151,49.7301
0,-39.151,49.7301
0.0833,-43.8991,51.8126
0.0833,-43.8991,51.8126
0.0833,-43.8991,51.8126
0.0833,-43.8991,51.8126
0.0833,-43.8991,51.8126
0.0833,-43.8991,51.8126
0.0833,-43.8991,51.8126
0.0833,-43.8991,51.8126
0.0833,-43.8991,51.8126
0.0833,-43.8991,51.8126
0.0833,-43.8991,51.8126
0.0833,-43.8991,51.8126
0.0833,-43.8991,51.8126
2.1658,-38.4846,52.2291
2.1658,-38.4846,52.2291
2.1658,-38.4846,52.2291
2.1658,-38.4846,52.2291
2.1658,-38.4846,52.2291
2.1658,-38.4846,52.2291
2.1658,-38.4846,52.2291
2.1658,-38.4846,52.2291
2.1658,-38.4846,52.2291
2.1658,-38.4846,52.2291
2.1658,-38.4846,52.2291
2.1658,-38.4846,52.2291
2.1658,-38.4846,52.2291
-0.9163,-39.151,49.98
-0.9163,-39.151,49.98
-0.9163,-39.151,49.98
-0.9163,-39.151,49.98
-0.9163,-39.151,49.98
-0.9163,-39.151,49.98
-0.9163,-39.151,49.98
-0.9163,-39.151,49.98
-0.9163,-39.151,49.98
-0.9163,-39.151,49.98
-0.9163,-39.151,49.98
-0.0833,-39.6508,51.2295
-0.0833,-39.6508,51.2295
