x,y,z
0,0,0
0,0,0
0,0,0
0,0,0
0,0,0
0,0,0
0,0,0
0,0,0
0,0,0
0,0,0
0,0,0
0,0,0
0,0,0
0,0,0
0,0,0
0,0,0
0,0,0
0,0,0
0,0,0
0,0,0
0,0,0
0,0,0
0,0,0
-11.8286,-56.8106,44.3156
-11.8286,-56.8106,44.3156
-11.8286,-56.8106,44.3156
-11.8286,-56.8106,44.3156
-11.8286,-56.8106,44.3156
-11.8286,-56.8106,44.3156
-11.8286,-56.8106,44.3156
-11.8286,-56.8106,44.3156
-11.8286,-56.8106,44.3156
-11.8286,-56.8106,44.3156
-11.8286,-56.8106,44.3156
-11.8286,-56.8106,44.3156
-13.4113,-51.8126,45.9816
-13.4113,-51.8126,45.9816
-13.4113,-51.8126,45.9816
-13.4113,-51.8126,45.9816
-13.4113,-51.8126,45.9816
-13.4113,-51.8126,45.9816
-13.4113,-51.8126,45.9816
-13.4113,-51.8126,45.9816
-13.4113,-51.8126,45.9816
-13.4113,-51.8126,45.9816
-13.4113,-51.8126,45.9816
-13.4113,-51.8126,45.9816
-13.9944,-51.8126,42.0665
-13.9944,-51.8126,42.0665
-13.9944,-51.8126,42.0665
-13.9944,-51.8126,42.0665
-13.9944,-51.8126,42.0665
-13.9944,-51.8126,42.0665
-13.9944,-51.8126,42.0665
-13.9944,-51.8126,42.0665
-13.9944,-51.8126,42.0665
-13.9944,-51.8126,42.0665
-13.9944,-51.8126,42.0665
-11.4121,-52.479,47.2311
-11.4121,-52.479,47.2311
-11.4121,-52.479,47.2311
-11.4121,-52.479,47.2311
-11.4121,-52.479,47.2311
-11.4121,-52.479,47.2311
-11.4121,-52.479,47.2311
-11.4121,-52.479,47.2311
-11.4121,-52.479,47.2311
-11.4121,-52.479,47.2311
-11.4121,-52.479,47.2311
-11.4121,-52.479,47.2311
-9.7461,-53.312,42.483
-9.7461,-53.312,42.483
-9.7461,-53.312,42.483
-9.7461,-53.312,42.483
-7.9968,-52.6456,45.1486
-7.9968,-52.6456,45.1486
-7.9968,-52.6456,45.1486
-7.9968,-52.6456,45.1486
-7.9968,-52.6456,45.1486
-7.9968,-52.6456,45.1486
-7.9968,-52.6456,45.1486
-7.9968,-52.6456,45.1486
-8.413301,-53.0621,46.3981
-8.413301,-53.0621,46.3981
-8.413301,-53.0621,46.3981
-8.413301,-53.0621,46.3981
-8.413301,-53.0621,46.3981
-8.413301,-53.0621,46.3981
-8.413301,-53.0621,46.3981
-8.413301,-53.0621,46.3981
-8.413301,-53.0621,46.3981
-8.413301,-53.0621,46.3981
-8.413301,-53.0621,46.3981
-8.413301,-53.0621,46.3981
-8.413301,-53.0621,46.3981
-7.5803,-50.8963,45.5651
-7.5803,-50.8963,45.5651
-7.5803,-50.8963,45.5651
-7.5803,-50.8963,45.5651
-7.5803,-50.8963,45.5651
-7.5803,-50.8963,45.5651
-7.5803,-50.8963,45.5651
-7.5803,-50.8963,45.5651
-7.5803,-50.8963,45.5651
-7.5803,-50.8963,45.5651
-7.5803,-50.8963,45.5651
-7.5803,-50.8963,45.5651
-9.7461,-53.0621,45.815
-9.7461,-53.0621,45.815
-9.7461,-53.0621,45.815
-9.7461,-53.0621,45.815
-9.7461,-53.0621,45.815
-9.7461,-53.0621,45.815
-9.7461,-53.0621,45.815
-9.7461,-53.0621,45.815
-9.7461,-53.0621,45.815
-9.7461,-53.0621,45.815
-9.7461,-53.0621,45.815
-9.7461,-53.0621,45.815
-9.7461,-53.0621,45.815
-9.7461,-53.0621,45.815
-10.5791,-54.2283,48.4806
-10.5791,-54.2283,48.4806
-10.5791,-54.2283,48.4806
-10.5791,-54.2283,48.4806
-10.5791,-54.2283,48.4806
-10.5791,-54.2283,48.4806
-10.5791,-54.2283,48.4806
-10.5791,-54.2283,48.4806
-10.5791,-54.2283,48.4806
-10.5791,-54.2283,48.4806
-10.5791,-54.2283,48.4806
-9.996,-52.6456,42.0665
-9.996,-52.6456,42.0665
-9.996,-52.6456,42.0665
-9.996,-52.6456,42.0665
-9.996,-52.6456,42.0665
-9.996,-52.6456,42.0665
-9.996,-52.6456,42.0665
-9.996,-52.6456,42.0665
-9.996,-52.6456,42.0665
-9.996,-52.6456,42.0665
-9.996,-52.6456,42.0665
-9.996,-52.6456,42.0665
-9.4129,-53.0621,45.815
-9.4129,-53.0621,45.815
-9.4129,-53.0621,45.815
-9.4129,-53.0621,45.815
-9.4129,-53.0621,45.815
-9.4129,-53.0621,45.815
-9.4129,-53.0621,45.815
-9.4129,-53.0621,45.815
-9.4129,-53.0621,45.815
-9.4129,-53.0621,45.815
-9.4129,-53.0621,45.815
-9.4129,-53.0621,45.815
-9.4129,-53.0621,45.815
-8.5799,-52.479,46.3981
-8.5799,-52.479,46.3981
-8.5799,-52.479,46.3981
-8.5799,-52.479,46.3981
-8.5799,-52.479,46.3981
-8.5799,-52.479,46.3981
-8.5799,-52.479,46.3981
-8.5799,-52.479,46.3981
-8.5799,-52.479,46.3981
-8.5799,-52.479,46.3981
-8.5799,-52.479,46.3981
-8.5799,-52.479,46.3981
-8.5799,-52.479,46.3981
-7.1638,-54.6448,49.98
-7.1638,-54.6448,49.98
-7.1638,-54.6448,49.98
-7.1638,-54.6448,49.98
-7.1638,-54.6448,49.98
-7.1638,-54.6448,49.98
-7.1638,-54.6448,49.98
-7.1638,-54.6448,49.98
-7.1638,-54.6448,49.98
-7.1638,-54.6448,49.98
-7.1638,-54.6448,49.98
-10.9956,-53.312,45.1486
-10.9956,-53.312,45.1486
-10.9956,-53.312,45.1486
-10.9956,-53.312,45.1486
-10.9956,-53.312,45.1486
-10.9956,-53.312,45.1486
-10.9956,-53.312,45.1486
-10.9956,-53.312,45.1486
-10.9956,-53.312,45.1486
-10.9956,-53.312,45.1486
-10.9956,-53.312,45.1486
-10.9956,-53.312,45.1486
-10.9956,-53.312,45.1486
-10.9956,-53.312,45.1486
-7.9968,-50.0633,47.481
-7.9968,-50.0633,47.481
-7.9968,-50.0633,47.481
-7.9968,-50.0633,47.481
-7.9968,-50.0633,47.481
-7.9968,-50.0633,47.481
-7.9968,-50.0633,47.481
-7.9968,-50.0633,47.481
-7.9968,-50.0633,47.481
-7.9968,-50.0633,47.481
-7.9968,-50.0633,47.481
-7.9968,-50.0633,47.481
-7.9968,-50.0633,47.481
-10.829,-53.312,47.2311
-10.829,-53.312,47.2311
-10.829,-53.312,47.2311
-10.829,-53.312,47.2311
-10.829,-53.312,47.2311
-10.829,-53.312,47.2311
-10.829,-53.312,47.2311
-10.829,-53.312,47.2311
-10.829,-53.312,47.2311
-10.829,-53.312,47.2311
-10.829,-53.312,47.2311
-10.829,-53.312,47.2311
-10.829,-53.312,47.2311
-8.5799,-52.6456,48.4806
-8.5799,-52.6456,48.4806
-8.5799,-52.6456,48.4806
-8.5799,-52.6456,48.4806
-8.5799,-52.6456,48.4806
-8.5799,-52.6456,48.4806
-8.5799,-52.6456,48.4806
-8.5799,-52.6456,48.4806
-8.5799,-52.6456,48.4806
-8.5799,-52.6456,48.4806
-8.5799,-52.6456,48.4806
-8.5799,-52.6456,48.4806
-8.5799,-52.6456,48.4806
-8.5799,-52.6456,48.4806
-10.1626,-51.2295,47.481
-10.1626,-51.2295,47.481
-10.1626,-51.2295,47.481
-10.1626,-51.2295,47.481
-10.1626,-51.2295,47.481
-10.1626,-51.2295,47.481
-10.1626,-51.2295,47.481
-10.1626,-51.2295,47.481
-10.1626,-51.2295,47.481
-10.1626,-51.2295,47.481
-10.1626,-51.2295,47.481
-10.1626,-51.2295,47.481
-6.7473,-52.2291,46.648
-6.7473,-52.2291,46.648
-6.7473,-52.2291,46.648
-6.7473,-52.2291,46.648
-6.7473,-52.2291,46.648
-6.7473,-52.2291,46.648
-6.7473,-52.2291,46.648
-6.7473,-52.2291,46.648
-6.7473,-52.2291,46.648
-6.7473,-52.2291,46.648
-6.7473,-52.2291,46.648
-6.7473,-52.2291,46.648
-6.7473,-52.2291,46.648
-6.7473,-52.2291,46.648
-10.4125,-52.8955,44.3156
-10.4125,-52.8955,44.3156
-10.4125,-52.8955,44.3156
-10.4125,-52.8955,44.3156
-10.4125,-52.8955,44.3156
-10.4125,-52.8955,44.3156
-10.4125,-52.8955,44.3156
-10.4125,-52.8955,44.3156
-10.4125,-52.8955,44.3156
-10.4125,-52.8955,44.3156
-10.4125,-52.8955,44.3156
-10.4125,-52.8955,44.3156
-10.829,-52.2291,46.648
-10.829,-52.2291,46.648
-10.829,-52.2291,46.648
-10.829,-52.2291,46.648
-10.829,-52.2291,46.648
-10.829,-52.2291,46.648
-10.829,-52.2291,46.648
-10.829,-52.2291,46.648
-10.829,-52.2291,46.648
-10.829,-52.2291,46.648
-10.829,-52.2291,46.648
-10.829,-52.2291,46.648
-10.829,-52.2291,46.648
-10.829,-52.2291,46.648
-11.2455,-54.2283,47.2311
-11.2455,-54.2283,47.2311
-11.2455,-54.2283,47.2311
-11.2455,-54.2283,47.2311
-11.2455,-54.2283,47.2311
-11.2455,-54.2283,47.2311
-11.2455,-54.2283,47.2311
-11.2455,-54.2283,47.2311
-11.2455,-54.2283,47.2311
-11.2455,-54.2283,47.2311
-11.2455,-54.2283,47.2311
-11.2455,-54.2283,47.2311
-8.163401,-55.0613,40.5671
-8.163401,-55.0613,40.5671
-8.163401,-55.0613,40.5671
-8.163401,-55.0613,40.5671
-8.163401,-55.0613,40.5671
-8.163401,-55.0613,40.5671
-8.163401,-55.0613,40.5671
-8.163401,-55.0613,40.5671
-8.163401,-55.0613,40.5671
-8.163401,-55.0613,40.5671
-8.163401,-55.0613,40.5671
-8.163401,-55.0613,40.5671
-8.163401,-55.0613,40.5671
-8.163401,-55.0613,40.5671
-8.163401,-53.8118,44.5655
-8.163401,-53.8118,44.5655
-8.163401,-53.8118,44.5655
-8.163401,-53.8118,44.5655
-8.163401,-53.8118,44.5655
-8.163401,-53.8118,44.5655
-8.163401,-53.8118,44.5655
-8.163401,-53.8118,44.5655
-8.163401,-53.8118,44.5655
-8.163401,-53.8118,44.5655
-8.163401,-53.8118,44.5655
-8.163401,-53.8118,44.5655
-6.7473,-54.2283,42.8995
-6.7473,-54.2283,42.8995
-6.7473,-54.2283,42.8995
-6.7473,-54.2283,42.8995
-6.7473,-54.2283,42.8995
-6.7473,-54.2283,42.8995
-6.7473,-54.2283,42.8995
-6.7473,-54.2283,42.8995
-6.7473,-54.2283,42.8995
-6.7473,-54.2283,42.8995
-6.7473,-54.2283,42.8995
-6.7473,-54.2283,42.8995
-6.7473,-54.2283,42.8995
-6.7473,-54.2283,42.8995
-7.7469,-51.646,44.982
-7.7469,-51.646,44.982
-7.7469,-51.646,44.982
-7.7469,-51.646,44.982
-7.7469,-51.646,44.982
-7.7469,-51.646,44.982
-7.7469,-51.646,44.982
-7.7469,-51.646,44.982
-7.7469,-51.646,44.982
-7.7469,-51.646,44.982
-7.7469,-51.646,44.982
-7.7469,-51.646,44.982
-7.9968,-52.8955,45.815
-7.9968,-52.8955,45.815
-7.9968,-52.8955,45.815
-7.9968,-52.8955,45.815
-7.9968,-52.8955,45.815
-7.9968,-52.8955,45.815
-7.9968,-52.8955,45.815
-7.9968,-52.8955,45.815
-7.9968,-52.8955,45.815
-7.9968,-52.8955,45.815
-7.9968,-52.8955,45.815
-7.9968,-52.8955,45.815
-7.9968,-52.8955,45.815
-7.9968,-52.8955,45.815
-9.2463,-55.0613,46.8146
-9.2463,-55.0613,46.8146
-9.2463,-55.0613,46.8146
-9.2463,-55.0613,46.8146
-9.2463,-55.0613,46.8146
-9.2463,-55.0613,46.8146
-9.2463,-55.0613,46.8146
-9.2463,-55.0613,46.8146
-9.2463,-55.0613,46.8146
-9.2463,-55.0613,46.8146
-9.2463,-55.0613,46.8146
-9.2463,-55.0613,46.8146
-9.2463,-55.0613,46.8146
-10.4125,-53.9784,44.3156
-10.4125,-53.9784,44.3156
-10.4125,-53.9784,44.3156
-10.4125,-53.9784,44.3156
-10.4125,-53.9784,44.3156
-10.4125,-53.9784,44.3156
-10.4125,-53.9784,44.3156
-10.4125,-53.9784,44.3156
-10.4125,-53.9784,44.3156
-10.4125,-53.9784,44.3156
-10.4125,-53.9784,44.3156
-10.4125,-53.9784,44.3156
-10.4125,-53.9784,44.3156
-6.7473,-53.9784,46.8146
-6.7473,-53.9784,46.8146
-6.7473,-53.9784,46.8146
-6.7473,-53.9784,46.8146
-6.7473,-53.9784,46.8146
-6.7473,-53.9784,46.8146
-6.7473,-53.9784,46.8146
-6.7473,-53.9784,46.8146
-6.7473,-53.9784,46.8146
-6.7473,-53.9784,46.8146
-6.7473,-53.9784,46.8146
-6.7473,-53.9784,46.8146
-6.7473,-53.9784,46.8146
-8.5799,-53.5619,46.648
-8.5799,-53.5619,46.648
-8.5799,-53.5619,46.648
-8.5799,-53.5619,46.648
-8.5799,-53.5619,46.648
-8.5799,-53.5619,46.648
-8.5799,-53.5619,46.648
-8.5799,-53.5619,46.648
-8.5799,-53.5619,46.648
-8.5799,-53.5619,46.648
-8.5799,-53.5619,46.648
-8.5799,-53.5619,46.648
-8.5799,-53.5619,46.648
-8.5799,-53.5619,46.648
-9.996,-52.6456,48.7305
-9.996,-52.6456,48.7305
-9.996,-52.6456,48.7305
-9.996,-52.6456,48.7305
-9.996,-52.6456,48.7305
-9.996,-52.6456,48.7305
-9.996,-52.6456,48.7305
-9.996,-52.6456,48.7305
-9.996,-52.6456,48.7305
-9.996,-52.6456,48.7305
-9.996,-52.6456,48.7305
-9.996,-52.6456,48.7305
-9.996,-52.6456,48.7305
-7.9968,-54.6448,49.5635
-7.9968,-54.6448,49.5635
-7.9968,-54.6448,49.5635
-7.9968,-54.6448,49.5635
-7.9968,-54.6448,49.5635
-7.9968,-54.6448,49.5635
-7.9968,-54.6448,49.5635
-7.9968,-54.6448,49.5635
-7.9968,-54.6448,49.5635
-7.9968,-54.6448,49.5635
-7.9968,-54.6448,49.5635
-7.9968,-54.6448,49.5635
-8.5799,-56.644,45.9816
-8.5799,-56.644,45.9816
-8.5799,-56.644,45.9816
-8.5799,-56.644,45.9816
-8.5799,-56.644,45.9816
-8.5799,-56.644,45.9816
-8.5799,-56.644,45.9816
-8.5799,-56.644,45.9816
-8.5799,-56.644,45.9816
-8.5799,-56.644,45.9816
-8.5799,-56.644,45.9816
-8.5799,-56.644,45.9816
-8.5799,-56.644,45.9816
-8.5799,-56.644,45.9816
-8.5799,-52.0625,45.3985
-8.5799,-52.0625,45.3985
-8.5799,-52.0625,45.3985
-8.5799,-52.0625,45.3985
-8.5799,-52.0625,45.3985
-8.5799,-52.0625,45.3985
-8.5799,-52.0625,45.3985
-8.5799,-52.0625,45.3985
-8.5799,-52.0625,45.3985
-8.5799,-52.0625,45.3985
-8.5799,-52.0625,45.3985
-8.5799,-52.0625,45.3985
-8.5799,-52.0625,45.3985
-5.831,-52.479,47.0645
-5.831,-52.479,47.0645
-5.831,-52.479,47.0645
-5.831,-52.479,47.0645
-5.831,-52.479,47.0645
-5.831,-52.479,47.0645
-5.831,-52.479,47.0645
-5.831,-52.479,47.0645
-5.831,-52.479,47.0645
-5.831,-52.479,47.0645
-5.831,-52.479,47.0645
-5.831,-52.479,47.0645
-5.831,-52.479,47.0645
-8.9964,-55.9776,44.7321
-8.9964,-55.9776,44.7321
-8.9964,-55.9776,44.7321
-8.9964,-55.9776,44.7321
-8.9964,-55.9776,44.7321
-8.9964,-55.9776,44.7321
-8.9964,-55.9776,44.7321
-8.9964,-55.9776,44.7321
-8.9964,-55.9776,44.7321
-8.9964,-55.9776,44.7321
-8.9964,-55.9776,44.7321
-8.9964,-55.9776,44.7321
-8.9964,-55.9776,44.7321
-8.163401,-52.6456,47.0645
-8.163401,-52.6456,47.0645
-8.163401,-52.6456,47.0645
-8.163401,-52.6456,47.0645
-8.163401,-52.6456,47.0645
-8.163401,-52.6456,47.0645
-8.163401,-52.6456,47.0645
-8.163401,-52.6456,47.0645
-8.163401,-52.6456,47.0645
-8.163401,-52.6456,47.0645
-8.163401,-52.6456,47.0645
-8.163401,-52.6456,47.0645
-8.163401,-52.6456,47.0645
-9.4129,-54.2283,44.3156
-9.4129,-54.2283,44.3156
-9.4129,-54.2283,44.3156
-9.4129,-54.2283,44.3156
-9.4129,-54.2283,44.3156
-9.4129,-54.2283,44.3156
-9.4129,-54.2283,44.3156
-9.4129,-54.2283,44.3156
-9.4129,-54.2283,44.3156
-9.4129,-54.2283,44.3156
-9.4129,-54.2283,44.3156
-9.4129,-54.2283,44.3156
-9.4129,-54.2283,44.3156
-9.4129,-54.2283,44.3156
-6.7473,-52.479,48.7305
-6.7473,-52.479,48.7305
-6.7473,-52.479,48.7305
-6.7473,-52.479,48.7305
-6.7473,-52.479,48.7305
-6.7473,-52.479,48.7305
-6.7473,-52.479,48.7305
-6.7473,-52.479,48.7305
-6.7473,-52.479,48.7305
-6.7473,-52.479,48.7305
-6.7473,-52.479,48.7305
-6.7473,-52.479,48.7305
-6.7473,-52.479,48.7305
-7.3304,-55.4778,44.149
-7.3304,-55.4778,44.149
-7.3304,-55.4778,44.149
-7.3304,-55.4778,44.149
-7.3304,-55.4778,44.149
-7.3304,-55.4778,44.149
-7.3304,-55.4778,44.149
-7.3304,-55.4778,44.149
-7.3304,-55.4778,44.149
-7.3304,-55.4778,44.149
-7.3304,-55.4778,44.149
-7.3304,-55.4778,44.149
-9.6628,-54.3949,46.8146
-9.6628,-54.3949,46.8146
-9.6628,-54.3949,46.8146
-9.6628,-54.3949,46.8146
-9.6628,-54.3949,46.8146
-9.6628,-54.3949,46.8146
-9.6628,-54.3949,46.8146
-9.6628,-54.3949,46.8146
-9.6628,-54.3949,46.8146
-9.6628,-54.3949,46.8146
-9.6628,-54.3949,46.8146
-9.6628,-54.3949,46.8146
-9.6628,-54.3949,46.8146
-9.6628,-54.3949,46.8146
-9.6628,-52.0625,46.648
-9.6628,-52.0625,46.648
-9.6628,-52.0625,46.648
-9.6628,-52.0625,46.648
-9.6628,-52.0625,46.648
-9.6628,-52.0625,46.648
-9.6628,-52.0625,46.648
-9.6628,-52.0625,46.648
-9.6628,-52.0625,46.648
-9.6628,-52.0625,46.648
-9.6628,-52.0625,46.648
-9.6628,-52.0625,46.648
-8.9964,-53.5619,44.3156
-8.9964,-53.5619,44.3156
-8.9964,-53.5619,44.3156
-8.9964,-53.5619,44.3156
-8.9964,-53.5619,44.3156
-8.9964,-53.5619,44.3156
-8.9964,-53.5619,44.3156
-8.9964,-53.5619,44.3156
-8.9964,-53.5619,44.3156
-8.9964,-53.5619,44.3156
-8.9964,-53.5619,44.3156
-8.9964,-53.5619,44.3156
-8.9964,-53.5619,44.3156
-9.996,-60.809,38.7345
-9.996,-60.809,38.7345
-9.996,-60.809,38.7345
-9.996,-60.809,38.7345
-9.996,-60.809,38.7345
-9.996,-60.809,38.7345
-9.996,-60.809,38.7345
-9.996,-60.809,38.7345
-9.996,-60.809,38.7345
-9.996,-60.809,38.7345
-9.996,-60.809,38.7345
-9.996,-60.809,38.7345
-9.996,-60.809,38.7345
-8.5799,-59.8094,40.5671
-8.5799,-59.8094,40.5671
-8.5799,-59.8094,40.5671
-8.5799,-59.8094,40.5671
-8.5799,-59.8094,40.5671
-8.5799,-59.8094,40.5671
-8.5799,-59.8094,40.5671
-8.5799,-59.8094,40.5671
-8.5799,-59.8094,40.5671
-8.5799,-59.8094,40.5671
-8.5799,-59.8094,40.5671
-8.5799,-59.8094,40.5671
-8.5799,-59.8094,40.5671
-8.5799,-59.8094,40.5671
5.9976,-52.479,55.6444
5.9976,-52.479,55.6444
5.9976,-52.479,55.6444
5.9976,-52.479,55.6444
5.9976,-52.479,55.6444
5.9976,-52.479,55.6444
5.9976,-52.479,55.6444
5.9976,-52.479,55.6444
5.9976,-52.479,55.6444
5.9976,-52.479,55.6444
5.9976,-52.479,55.6444
5.9976,-52.479,55.6444
5.9976,-52.479,55.6444
19.159,-42.483,65.8903
19.159,-42.483,65.8903
19.159,-42.483,65.8903
19.159,-42.483,65.8903
19.159,-42.483,65.8903
19.159,-42.483,65.8903
19.159,-42.483,65.8903
19.159,-42.483,65.8903
19.159,-42.483,65.8903
19.159,-42.483,65.8903
19.159,-42.483,65.8903
19.159,-42.483,65.8903
39.2343,-39.8174,64.2243
39.2343,-39.8174,64.2243
39.2343,-39.8174,64.2243
39.2343,-39.8174,64.2243
39.2343,-39.8174,64.2243
39.2343,-39.8174,64.2243
39.2343,-39.8174,64.2243
39.2343,-39.8174,64.2243
39.2343,-39.8174,64.2243
39.2343,-39.8174,64.2243
39.2343,-39.8174,64.2243
39.2343,-39.8174,64.2243
39.2343,-39.8174,64.2243
39.2343,-39.8174,64.2243
49.7301,-37.6516,61.3088
49.7301,-37.6516,61.3088
49.7301,-37.6516,61.3088
49.7301,-37.6516,61.3088
49.7301,-37.6516,61.3088
49.7301,-37.6516,61.3088
49.7301,-37.6516,61.3088
49.7301,-37.6516,61.3088
49.7301,-37.6516,61.3088
49.7301,-37.6516,61.3088
49.7301,-37.6516,61.3088
49.7301,-37.6516,61.3088
49.7301,-37.6516,61.3088
43.8991,-39.151,61.8919
43.8991,-39.151,61.8919
43.8991,-39.151,61.8919
43.8991,-39.151,61.8919
43.8991,-39.151,61.8919
43.8991,-39.151,61.8919
43.8991,-39.151,61.8919
43.8991,-39.151,61.8919
43.8991,-39.151,61.8919
43.8991,-39.151,61.8919
43.8991,-39.151,61.8919
43.8991,-39.151,61.8919
43.8991,-39.151,61.8919
48.1474,-37.9015,57.9768
48.1474,-37.9015,57.9768
48.1474,-37.9015,57.9768
48.1474,-37.9015,57.9768
48.1474,-37.9015,57.9768
48.1474,-37.9015,57.9768
48.1474,-37.9015,57.9768
48.1474,-37.9015,57.9768
48.1474,-37.9015,57.9768
48.1474,-37.9015,57.9768
48.1474,-37.9015,57.9768
48.1474,-37.9015,57.9768
48.1474,-37.9015,57.9768
46.0649,-35.9023,65.6404
46.0649,-35.9023,65.6404
46.0649,-35.9023,65.6404
46.0649,-35.9023,65.6404
46.0649,-35.9023,65.6404
46.0649,-35.9023,65.6404
46.0649,-35.9023,65.6404
46.0649,-35.9023,65.6404
46.0649,-35.9023,65.6404
46.0649,-35.9023,65.6404
46.0649,-35.9023,65.6404
46.0649,-35.9023,65.6404
46.0649,-35.9023,65.6404
46.0649,-35.9023,65.6404
48.7305,-36.3188,59.2263
48.7305,-36.3188,59.2263
48.7305,-36.3188,59.2263
48.7305,-36.3188,59.2263
48.7305,-36.3188,59.2263
48.7305,-36.3188,59.2263
48.7305,-36.3188,59.2263
48.7305,-36.3188,59.2263
48.7305,-36.3188,59.2263
48.7305,-36.3188,59.2263
48.7305,-36.3188,59.2263
48.7305,-36.3188,59.2263
51.7293,-38.9011,58.9764
51.7293,-38.9011,58.9764
51.7293,-38.9011,58.9764
51.7293,-38.9011,58.9764
51.7293,-38.9011,58.9764
51.7293,-38.9011,58.9764
51.7293,-38.9011,58.9764
51.7293,-38.9011,58.9764
51.7293,-38.9011,58.9764
51.7293,-38.9011,58.9764
51.7293,-38.9011,58.9764
51.7293,-38.9011,58.9764
51.7293,-38.9011,58.9764
47.9808,-40.0673,58.9764
47.9808,-40.0673,58.9764
47.9808,-40.0673,58.9764
47.9808,-40.0673,58.9764
47.9808,-40.0673,58.9764
47.9808,-40.0673,58.9764
47.9808,-40.0673,58.9764
47.9808,-40.0673,58.9764
47.9808,-40.0673,58.9764
47.9808,-40.0673,58.9764
47.9808,-40.0673,58.9764
47.9808,-40.0673,58.9764
47.9808,-40.0673,58.9764
48.4806,-37.6516,61.7253
48.4806,-37.6516,61.7253
48.4806,-37.6516,61.7253
48.4806,-37.6516,61.7253
48.4806,-37.6516,61.7253
48.4806,-37.6516,61.7253
48.4806,-37.6516,61.7253
48.4806,-37.6516,61.7253
48.4806,-37.6516,61.7253
48.4806,-37.6516,61.7253
48.4806,-37.6516,61.7253
48.4806,-37.6516,61.7253
48.4806,-37.6516,61.7253
48.3973,-36.4854,60.6424
48.3973,-36.4854,60.6424
48.3973,-36.4854,60.6424
48.3973,-36.4854,60.6424
48.3973,-36.4854,60.6424
48.3973,-36.4854,60.6424
48.3973,-36.4854,60.6424
48.3973,-36.4854,60.6424
48.3973,-36.4854,60.6424
48.3973,-36.4854,60.6424
48.3973,-36.4854,60.6424
48.3973,-36.4854,60.6424
48.3973,-36.4854,60.6424
46.0649,-35.4858,58.1434
46.0649,-35.4858,58.1434
46.0649,-35.4858,58.1434
46.0649,-35.4858,58.1434
46.0649,-35.4858,58.1434
46.0649,-35.4858,58.1434
46.0649,-35.4858,58.1434
46.0649,-35.4858,58.1434
46.0649,-35.4858,58.1434
46.0649,-35.4858,58.1434
46.0649,-35.4858,58.1434
46.0649,-35.4858,58.1434
46.0649,-35.4858,58.1434
46.0649,-35.4858,58.1434
49.147,-35.2359,61.3088
49.147,-35.2359,61.3088
49.147,-35.2359,61.3088
49.147,-35.2359,61.3088
49.147,-35.2359,61.3088
49.147,-35.2359,61.3088
49.147,-35.2359,61.3088
49.147,-35.2359,61.3088
49.147,-35.2359,61.3088
49.147,-35.2359,61.3088
49.147,-35.2359,61.3088
49.147,-35.2359,61.3088
48.7305,-38.9011,62.1418
48.7305,-38.9011,62.1418
48.7305,-38.9011,62.1418
48.7305,-38.9011,62.1418
48.7305,-38.9011,62.1418
48.7305,-38.9011,62.1418
48.7305,-38.9011,62.1418
48.7305,-38.9011,62.1418
48.7305,-38.9011,62.1418
48.7305,-38.9011,62.1418
48.7305,-38.9011,62.1418
48.7305,-38.9011,62.1418
48.7305,-38.9011,62.1418
48.7305,-38.9011,62.1418
48.4806,-35.9023,62.3084
48.4806,-35.9023,62.3084
48.4806,-35.9023,62.3084
48.4806,-35.9023,62.3084
48.4806,-35.9023,62.3084
48.4806,-35.9023,62.3084
48.4806,-35.9023,62.3084
48.4806,-35.9023,62.3084
48.4806,-35.9023,62.3084
48.4806,-35.9023,62.3084
48.4806,-35.9023,62.3084
48.4806,-35.9023,62.3084
48.4806,-35.9023,62.3084
49.7301,-35.0693,59.6428
49.7301,-35.0693,59.6428
49.7301,-35.0693,59.6428
49.7301,-35.0693,59.6428
49.7301,-35.0693,59.6428
49.7301,-35.0693,59.6428
49.7301,-35.0693,59.6428
49.7301,-35.0693,59.6428
49.7301,-35.0693,59.6428
49.7301,-35.0693,59.6428
49.7301,-35.0693,59.6428
49.7301,-35.0693,59.6428
49.7301,-35.0693,59.6428
52.3124,-34.3196,61.7253
52.3124,-34.3196,61.7253
52.3124,-34.3196,61.7253
52.3124,-34.3196,61.7253
52.3124,-34.3196,61.7253
52.3124,-34.3196,61.7253
52.3124,-34.3196,61.7253
52.3124,-34.3196,61.7253
52.3124,-34.3196,61.7253
52.3124,-34.3196,61.7253
52.3124,-34.3196,61.7253
52.3124,-34.3196,61.7253
52.3124,-34.3196,61.7253
52.3124,-34.3196,61.7253
51.3961,-35.2359,61.8919
51.3961,-35.2359,61.8919
51.3961,-35.2359,61.8919
51.3961,-35.2359,61.8919
51.3961,-35.2359,61.8919
51.3961,-35.2359,61.8919
51.3961,-35.2359,61.8919
51.3961,-35.2359,61.8919
51.3961,-35.2359,61.8919
51.3961,-35.2359,61.8919
51.3961,-35.2359,61.8919
51.3961,-35.2359,61.8919
51.3961,-35.2359,61.8919
47.9808,-35.6524,60.8923
47.9808,-35.6524,60.8923
47.9808,-35.6524,60.8923
47.9808,-35.6524,60.8923
47.9808,-35.6524,60.8923
47.9808,-35.6524,60.8923
47.9808,-35.6524,60.8923
47.9808,-35.6524,60.8923
47.9808,-35.6524,60.8923
47.9808,-35.6524,60.8923
47.9808,-35.6524,60.8923
47.9808,-35.6524,60.8923
47.9808,-35.6524,60.8923
50.5631,-36.0689,62.5583
50.5631,-36.0689,62.5583
50.5631,-36.0689,62.5583
50.5631,-36.0689,62.5583
50.5631,-36.0689,62.5583
50.5631,-36.0689,62.5583
50.5631,-36.0689,62.5583
50.5631,-36.0689,62.5583
50.5631,-36.0689,62.5583
50.5631,-36.0689,62.5583
50.5631,-36.0689,62.5583
50.5631,-36.0689,62.5583
50.5631,-36.0689,62.5583
48.7305,-37.6516,58.3933
48.7305,-37.6516,58.3933
48.7305,-37.6516,58.3933
48.7305,-37.6516,58.3933
48.7305,-37.6516,58.3933
48.7305,-37.6516,58.3933
48.7305,-37.6516,58.3933
48.7305,-37.6516,58.3933
48.7305,-37.6516,58.3933
48.7305,-37.6516,58.3933
48.7305,-37.6516,58.3933
48.7305,-37.6516,58.3933
48.7305,-37.6516,58.3933
47.9808,-38.0681,61.0589
47.9808,-38.0681,61.0589
47.9808,-38.0681,61.0589
47.9808,-38.0681,61.0589
47.9808,-38.0681,61.0589
47.9808,-38.0681,61.0589
47.9808,-38.0681,61.0589
47.9808,-38.0681,61.0589
47.9808,-38.0681,61.0589
47.9808,-38.0681,61.0589
47.9808,-38.0681,61.0589
47.9808,-38.0681,61.0589
47.9808,-38.0681,61.0589
48.3973,-36.7353,61.3088
48.3973,-36.7353,61.3088
48.3973,-36.7353,61.3088
48.3973,-36.7353,61.3088
48.3973,-36.7353,61.3088
48.3973,-36.7353,61.3088
48.3973,-36.7353,61.3088
48.3973,-36.7353,61.3088
48.3973,-36.7353,61.3088
48.3973,-36.7353,61.3088
48.3973,-36.7353,61.3088
48.3973,-36.7353,61.3088
48.3973,-36.7353,61.3088
48.3973,-36.7353,61.3088
50.3965,-36.7353,58.3933
50.3965,-36.7353,58.3933
50.3965,-36.7353,58.3933
50.3965,-36.7353,58.3933
50.3965,-36.7353,58.3933
50.3965,-36.7353,58.3933
50.3965,-36.7353,58.3933
50.3965,-36.7353,58.3933
50.3965,-36.7353,58.3933
50.3965,-36.7353,58.3933
50.3965,-36.7353,58.3933
50.3965,-36.7353,58.3933
44.149,-35.2359,61.4754
44.149,-35.2359,61.4754
44.149,-35.2359,61.4754
44.149,-35.2359,61.4754
44.149,-35.2359,61.4754
44.149,-35.2359,61.4754
44.149,-35.2359,61.4754
44.149,-35.2359,61.4754
44.149,-35.2359,61.4754
44.149,-35.2359,61.4754
44.149,-35.2359,61.4754
44.149,-35.2359,61.4754
44.149,-35.2359,61.4754
45.4818,-34.153,59.6428
45.4818,-34.153,59.6428
45.4818,-34.153,59.6428
45.4818,-34.153,59.6428
45.4818,-34.153,59.6428
45.4818,-34.153,59.6428
45.4818,-34.153,59.6428
45.4818,-34.153,59.6428
45.4818,-34.153,59.6428
45.4818,-34.153,59.6428
45.4818,-34.153,59.6428
45.4818,-34.153,59.6428
45.4818,-34.153,59.6428
45.4818,-34.153,59.6428
41.4834,-30.4878,62.3084
41.4834,-30.4878,62.3084
41.4834,-30.4878,62.3084
41.4834,-30.4878,62.3084
41.4834,-30.4878,62.3084
41.4834,-30.4878,62.3084
41.4834,-30.4878,62.3084
41.4834,-30.4878,62.3084
41.4834,-30.4878,62.3084
41.4834,-30.4878,62.3084
41.4834,-30.4878,62.3084
41.4834,-30.4878,62.3084
41.4834,-30.4878,62.3084
41.7333,-33.4866,63.3913
41.7333,-33.4866,63.3913
41.7333,-33.4866,63.3913
41.7333,-33.4866,63.3913
41.7333,-33.4866,63.3913
41.7333,-33.4866,63.3913
41.7333,-33.4866,63.3913
41.7333,-33.4866,63.3913
41.7333,-33.4866,63.3913
41.7333,-33.4866,63.3913
41.7333,-33.4866,63.3913
41.7333,-33.4866,63.3913
41.7333,-33.4866,63.3913
43.7325,-31.0709,64.2243
43.7325,-31.0709,64.2243
43.7325,-31.0709,64.2243
43.7325,-31.0709,64.2243
43.7325,-31.0709,64.2243
43.7325,-31.0709,64.2243
43.7325,-31.0709,64.2243
43.7325,-31.0709,64.2243
43.7325,-31.0709,64.2243
43.7325,-31.0709,64.2243
43.7325,-31.0709,64.2243
43.7325,-31.0709,64.2243
43.7325,-31.0709,64.2243
40.0673,-33.9031,66.8899
40.0673,-33.9031,66.8899
40.0673,-33.9031,66.8899
40.0673,-33.9031,66.8899
40.0673,-33.9031,66.8899
40.0673,-33.9031,66.8899
40.0673,-33.9031,66.8899
40.0673,-33.9031,66.8899
40.0673,-33.9031,66.8899
40.0673,-33.9031,66.8899
40.0673,-33.9031,66.8899
40.0673,-33.9031,66.8899
40.0673,-33.9031,66.8899
35.819,-29.3216,62.9748
35.819,-29.3216,62.9748
35.819,-29.3216,62.9748
35.819,-29.3216,62.9748
35.819,-29.3216,62.9748
35.819,-29.3216,62.9748
35.819,-29.3216,62.9748
35.819,-29.3216,62.9748
35.819,-29.3216,62.9748
35.819,-29.3216,62.9748
35.819,-29.3216,62.9748
35.819,-29.3216,62.9748
35.819,-29.3216,62.9748
35.819,-29.3216,62.9748
42.0665,-30.6544,63.9744
42.0665,-30.6544,63.9744
42.0665,-30.6544,63.9744
42.0665,-30.6544,63.9744
42.0665,-30.6544,63.9744
42.0665,-30.6544,63.9744
42.0665,-30.6544,63.9744
42.0665,-30.6544,63.9744
42.0665,-30.6544,63.9744
42.0665,-30.6544,63.9744
42.0665,-30.6544,63.9744
42.0665,-30.6544,63.9744
40.2339,-34.5695,63.5579
40.2339,-34.5695,63.5579
40.2339,-34.5695,63.5579
40.2339,-34.5695,63.5579
40.2339,-34.5695,63.5579
40.2339,-34.5695,63.5579
40.2339,-34.5695,63.5579
40.2339,-34.5695,63.5579
40.2339,-34.5695,63.5579
40.2339,-34.5695,63.5579
40.2339,-34.5695,63.5579
40.2339,-34.5695,63.5579
40.2339,-34.5695,63.5579
41.0669,-29.988,61.4754
41.0669,-29.988,61.4754
41.0669,-29.988,61.4754
41.0669,-29.988,61.4754
41.0669,-29.988,61.4754
41.0669,-29.988,61.4754
41.0669,-29.988,61.4754
41.0669,-29.988,61.4754
41.0669,-29.988,61.4754
42.6496,-33.4866,65.0573
42.6496,-33.4866,65.0573
42.6496,-33.4866,65.0573
42.6496,-33.4866,65.0573
42.6496,-33.4866,65.0573
42.6496,-33.4866,65.0573
42.6496,-33.4866,65.0573
42.6496,-33.4866,65.0573
42.6496,-33.4866,65.0573
42.6496,-33.4866,65.0573
38.8178,-33.4866,63.8078
38.8178,-33.4866,63.8078
38.8178,-33.4866,63.8078
38.8178,-33.4866,63.8078
38.8178,-33.4866,63.8078
38.8178,-33.4866,63.8078
38.8178,-33.4866,63.8078
38.8178,-33.4866,63.8078
38.8178,-33.4866,63.8078
38.8178,-33.4866,63.8078
38.8178,-33.4866,63.8078
38.8178,-33.4866,63.8078
38.8178,-33.4866,63.8078
38.8178,-33.4866,63.8078
40.4838,-33.32,63.1414
40.4838,-33.32,63.1414
40.4838,-33.32,63.1414
40.4838,-33.32,63.1414
40.4838,-33.32,63.1414
40.4838,-33.32,63.1414
40.4838,-33.32,63.1414
40.4838,-33.32,63.1414
40.4838,-33.32,63.1414
40.4838,-33.32,63.1414
40.4838,-33.32,63.1414
40.4838,-33.32,63.1414
40.4838,-33.32,63.1414
40.4838,-34.8194,61.3088
40.4838,-34.8194,61.3088
40.4838,-34.8194,61.3088
40.4838,-34.8194,61.3088
40.4838,-34.8194,61.3088
40.4838,-34.8194,61.3088
40.4838,-34.8194,61.3088
40.4838,-34.8194,61.3088
40.4838,-34.8194,61.3088
40.4838,-34.8194,61.3088
40.4838,-34.8194,61.3088
40.4838,-34.8194,61.3088
40.4838,-34.8194,61.3088
42.2331,-35.4858,63.8078
42.2331,-35.4858,63.8078
42.2331,-35.4858,63.8078
42.2331,-35.4858,63.8078
42.2331,-35.4858,63.8078
42.2331,-35.4858,63.8078
42.2331,-35.4858,63.8078
42.2331,-35.4858,63.8078
42.2331,-35.4858,63.8078
42.2331,-35.4858,63.8078
42.2331,-35.4858,63.8078
42.2331,-35.4858,63.8078
42.2331,-35.4858,63.8078
42.2331,-35.4858,63.8078
42.2331,-35.4858,63.8078
42.8995,-30.6544,63.9744
42.8995,-30.6544,63.9744
42.8995,-30.6544,63.9744
42.8995,-30.6544,63.9744
42.8995,-30.6544,63.9744
42.8995,-30.6544,63.9744
42.8995,-30.6544,63.9744
42.8995,-30.6544,63.9744
42.8995,-30.6544,63.9744
42.8995,-30.6544,63.9744
42.8995,-30.6544,63.9744
40.4838,-33.0701,61.7253
40.4838,-33.0701,61.7253
40.4838,-33.0701,61.7253
40.4838,-33.0701,61.7253
40.4838,-33.0701,61.7253
40.4838,-33.0701,61.7253
40.4838,-33.0701,61.7253
40.4838,-33.0701,61.7253
40.4838,-33.0701,61.7253
40.4838,-33.0701,61.7253
40.4838,-33.0701,61.7253
40.4838,-33.0701,61.7253
40.4838,-33.0701,61.7253
40.4838,-33.0701,61.7253
33.9864,-39.151,62.3084
33.9864,-39.151,62.3084
33.9864,-39.151,62.3084
33.9864,-39.151,62.3084
33.9864,-39.151,62.3084
33.9864,-39.151,62.3084
33.9864,-39.151,62.3084
33.9864,-39.151,62.3084
33.9864,-39.151,62.3084
33.9864,-39.151,62.3084
33.9864,-39.151,62.3084
33.9864,-39.151,62.3084
33.9864,-39.151,62.3084
33.9864,-39.151,62.3084
21.4914,-47.0645,59.8094
21.4914,-47.0645,59.8094
21.4914,-47.0645,59.8094
21.4914,-47.0645,59.8094
21.4914,-47.0645,59.8094
21.4914,-47.0645,59.8094
21.4914,-47.0645,59.8094
21.4914,-47.0645,59.8094
21.4914,-47.0645,59.8094
21.4914,-47.0645,59.8094
21.4914,-47.0645,59.8094
21.4914,-47.0645,59.8094
3.9151,-52.479,54.6448
3.9151,-52.479,54.6448
3.9151,-52.479,54.6448
3.9151,-52.479,54.6448
3.9151,-52.479,54.6448
3.9151,-52.479,54.6448
3.9151,-52.479,54.6448
3.9151,-52.479,54.6448
3.9151,-52.479,54.6448
3.9151,-52.479,54.6448
3.9151,-52.479,54.6448
3.9151,-52.479,54.6448
3.9151,-52.479,54.6448
3.9151,-52.479,54.6448
-5.9976,-54.2283,49.5635
-5.9976,-54.2283,49.5635
-5.9976,-54.2283,49.5635
-5.9976,-54.2283,49.5635
-5.9976,-54.2283,49.5635
-5.9976,-54.2283,49.5635
-5.9976,-54.2283,49.5635
-5.9976,-54.2283,49.5635
-5.9976,-54.2283,49.5635
-5.9976,-54.2283,49.5635
-5.9976,-54.2283,49.5635
-5.9976,-54.2283,49.5635
-15.9103,-52.479,46.648
-15.9103,-52.479,46.648
-15.9103,-52.479,46.648
-15.9103,-52.479,46.648
-15.9103,-52.479,46.648
-15.9103,-52.479,46.648
-15.9103,-52.479,46.648
-15.9103,-52.479,46.648
-15.9103,-52.479,46.648
-15.9103,-52.479,46.648
-15.9103,-52.479,46.648
-15.9103,-52.479,46.648
-15.9103,-52.479,46.648
-15.9103,-52.479,46.648
-15.9103,-52.479,46.648
-13.8278,-48.8138,44.982
-13.8278,-48.8138,44.982
-13.8278,-48.8138,44.982
-13.8278,-48.8138,44.982
-13.8278,-48.8138,44.982
-13.8278,-48.8138,44.982
-13.8278,-48.8138,44.982
-13.8278,-48.8138,44.982
-13.8278,-48.8138,44.982
-13.8278,-48.8138,44.982
-13.8278,-48.8138,44.982
-13.8278,-48.8138,44.982
-14.4109,-43.4826,51.2295
-14.4109,-43.4826,51.2295
-14.4109,-43.4826,51.2295
-14.4109,-43.4826,51.2295
-14.4109,-43.4826,51.2295
-14.4109,-43.4826,51.2295
-14.4109,-43.4826,51.2295
-14.4109,-43.4826,51.2295
-14.4109,-43.4826,51.2295
-14.4109,-43.4826,51.2295
-14.4109,-43.4826,51.2295
-14.4109,-43.4826,51.2295
-14.4109,-43.4826,51.2295
-14.4109,-43.4826,51.2295
-12.9115,-48.9804,48.4806
-12.9115,-48.9804,48.4806
-12.9115,-48.9804,48.4806
-12.9115,-48.9804,48.4806
-12.9115,-48.9804,48.4806
-12.9115,-48.9804,48.4806
-12.9115,-48.9804,48.4806
-12.9115,-48.9804,48.4806
-12.9115,-48.9804,48.4806
-12.9115,-48.9804,48.4806
-12.9115,-48.9804,48.4806
-12.9115,-48.9804,48.4806
-12.9115,-48.9804,48.4806
-11.4121,-42.8995,50.1466
-11.4121,-42.8995,50.1466
-11.4121,-42.8995,50.1466
-11.4121,-42.8995,50.1466
-11.4121,-42.8995,50.1466
-11.4121,-42.8995,50.1466
-11.4121,-42.8995,50.1466
-11.4121,-42.8995,50.1466
-11.4121,-42.8995,50.1466
-11.4121,-42.8995,50.1466
-15.2439,-45.4818,49.3136
-15.2439,-45.4818,49.3136
-15.2439,-45.4818,49.3136
-15.2439,-45.4818,49.3136
-15.2439,-45.4818,49.3136
-15.2439,-45.4818,49.3136
-15.2439,-45.4818,49.3136
-15.0773,-45.0653,47.6476
-15.0773,-45.0653,47.6476
-15.0773,-45.0653,47.6476
-15.0773,-45.0653,47.6476
-15.0773,-45.0653,47.6476
-15.0773,-45.0653,47.6476
-15.0773,-45.0653,47.6476
-15.0773,-45.0653,47.6476
-15.0773,-45.0653,47.6476
-15.0773,-45.0653,47.6476
-15.0773,-45.0653,47.6476
-15.0773,-45.0653,47.6476
-15.0773,-45.0653,47.6476
-15.0773,-45.0653,47.6476
-14.8274,-44.2323,48.4806
-14.8274,-44.2323,48.4806
-14.8274,-44.2323,48.4806
-14.8274,-44.2323,48.4806
-14.8274,-44.2323,48.4806
-14.8274,-44.2323,48.4806
-14.8274,-44.2323,48.4806
-14.8274,-44.2323,48.4806
-14.8274,-44.2323,48.4806
-14.8274,-44.2323,48.4806
-14.8274,-44.2323,48.4806
-14.8274,-44.2323,48.4806
-16.0769,-46.648,46.3981
-16.0769,-46.648,46.3981
-16.0769,-46.648,46.3981
-16.0769,-46.648,46.3981
-16.0769,-46.648,46.3981
-16.0769,-46.648,46.3981
-16.0769,-46.648,46.3981
-16.0769,-46.648,46.3981
-16.0769,-46.648,46.3981
-16.0769,-46.648,46.3981
-16.0769,-46.648,46.3981
-16.0769,-46.648,46.3981
-16.0769,-46.648,46.3981
-16.0769,-46.648,46.3981
-16.0769,-46.648,46.3981
-13.1614,-40.6504,48.4806
-13.1614,-40.6504,48.4806
-13.1614,-40.6504,48.4806
-13.1614,-40.6504,48.4806
-13.1614,-40.6504,48.4806
-13.1614,-40.6504,48.4806
-13.1614,-40.6504,48.4806
-13.1614,-40.6504,48.4806
-13.1614,-40.6504,48.4806
-13.1614,-40.6504,48.4806
-13.1614,-40.6504,48.4806
-15.6604,-44.2323,44.3156
-15.6604,-44.2323,44.3156
-15.6604,-44.2323,44.3156
-15.6604,-44.2323,44.3156
-15.6604,-44.2323,44.3156
-15.6604,-44.2323,44.3156
-15.6604,-44.2323,44.3156
-15.6604,-44.2323,44.3156
-15.6604,-44.2323,44.3156
-15.6604,-44.2323,44.3156
-15.6604,-44.2323,44.3156
-15.6604,-44.2323,44.3156
-15.6604,-44.2323,44.3156
-15.6604,-44.2323,44.3156
-16.4101,-42.483,44.982
-16.4101,-42.483,44.982
-16.4101,-42.483,44.982
-16.4101,-42.483,44.982
-16.4101,-42.483,44.982
-16.4101,-42.483,44.982
-16.4101,-42.483,44.982
-16.4101,-42.483,44.982
-16.4101,-42.483,44.982
-16.4101,-42.483,44.982
-16.4101,-42.483,44.982
-16.4101,-42.483,44.982
-15.4938,-42.2331,49.147
-15.4938,-42.2331,49.147
-15.4938,-42.2331,49.147
-15.4938,-42.2331,49.147
-15.4938,-42.2331,49.147
-15.4938,-42.2331,49.147
-15.4938,-42.2331,49.147
-15.4938,-42.2331,49.147
-15.4938,-42.2331,49.147
-15.4938,-42.2331,49.147
-15.4938,-42.2331,49.147
-15.4938,-42.2331,49.147
-15.4938,-42.2331,49.147
-15.4938,-42.2331,49.147
-14.4109,-44.6488,47.6476
-14.4109,-44.6488,47.6476
-14.4109,-44.6488,47.6476
-14.4109,-44.6488,47.6476
-14.4109,-44.6488,47.6476
-14.4109,-44.6488,47.6476
-14.4109,-44.6488,47.6476
-14.4109,-44.6488,47.6476
-14.4109,-44.6488,47.6476
-14.4109,-44.6488,47.6476
-14.4109,-44.6488,47.6476
-14.4109,-44.6488,47.6476
-14.4109,-44.6488,47.6476
-13.9944,-42.6496,45.815
-13.9944,-42.6496,45.815
-13.9944,-42.6496,45.815
-13.9944,-42.6496,45.815
-13.9944,-42.6496,45.815
-13.9944,-42.6496,45.815
-13.9944,-42.6496,45.815
-13.9944,-42.6496,45.815
-13.9944,-42.6496,45.815
-13.9944,-42.6496,45.815
-13.9944,-42.6496,45.815
-13.9944,-42.6496,45.815
-13.9944,-42.6496,45.815
-14.6608,-42.2331,48.4806
-14.6608,-42.2331,48.4806
-14.6608,-42.2331,48.4806
-14.6608,-42.2331,48.4806
-14.6608,-42.2331,48.4806
-14.6608,-42.2331,48.4806
-14.6608,-42.2331,48.4806
-14.6608,-42.2331,48.4806
-14.6608,-42.2331,48.4806
-14.6608,-42.2331,48.4806
-14.6608,-42.2331,48.4806
-14.6608,-42.2331,48.4806
-14.6608,-42.2331,48.4806
-14.6608,-42.2331,48.4806
-15.6604,-41.0669,47.2311
-15.6604,-41.0669,47.2311
-15.6604,-41.0669,47.2311
-15.6604,-41.0669,47.2311
-15.6604,-41.0669,47.2311
-15.6604,-41.0669,47.2311
-15.6604,-41.0669,47.2311
-15.6604,-41.0669,47.2311
-15.6604,-41.0669,47.2311
-15.6604,-41.0669,47.2311
-15.6604,-41.0669,47.2311
-15.6604,-41.0669,47.2311
-15.6604,-40.2339,47.6476
-15.6604,-40.2339,47.6476
-15.6604,-40.2339,47.6476
-15.6604,-40.2339,47.6476
-15.6604,-40.2339,47.6476
-15.6604,-40.2339,47.6476
-15.6604,-40.2339,47.6476
-15.6604,-40.2339,47.6476
-15.6604,-40.2339,47.6476
-15.6604,-40.2339,47.6476
-15.6604,-40.2339,47.6476
-15.6604,-40.2339,47.6476
-15.6604,-40.2339,47.6476
-15.6604,-40.2339,47.6476
-15.4938,-39.8174,45.9816
-15.4938,-39.8174,45.9816
-15.4938,-39.8174,45.9816
-15.4938,-39.8174,45.9816
-15.4938,-39.8174,45.9816
-15.4938,-39.8174,45.9816
-15.4938,-39.8174,45.9816
-15.4938,-39.8174,45.9816
-15.4938,-39.8174,45.9816
-15.4938,-39.8174,45.9816
-15.4938,-39.8174,45.9816
-15.4938,-39.8174,45.9816
-12.9115,-43.8991,49.98
-12.9115,-43.8991,49.98
-12.9115,-43.8991,49.98
-12.9115,-43.8991,49.98
-12.9115,-43.8991,49.98
-12.9115,-43.8991,49.98
-12.9115,-43.8991,49.98
-12.9115,-43.8991,49.98
-12.9115,-43.8991,49.98
-12.9115,-43.8991,49.98
-12.9115,-43.8991,49.98
-12.9115,-43.8991,49.98
-12.9115,-43.8991,49.98
-12.9115,-43.8991,49.98
-14.6608,-40.9003,51.646
-14.6608,-40.9003,51.646
-14.6608,-40.9003,51.646
-14.6608,-40.9003,51.646
-14.6608,-40.9003,51.646
-14.6608,-40.9003,51.646
-14.6608,-40.9003,51.646
-14.6608,-40.9003,51.646
-14.6608,-40.9003,51.646
-14.6608,-40.9003,51.646
-14.6608,-40.9003,51.646
-14.6608,-40.9003,51.646
-13.4113,-44.3989,49.5635
-13.4113,-44.3989,49.5635
-13.4113,-44.3989,49.5635
-13.4113,-44.3989,49.5635
-13.4113,-44.3989,49.5635
-13.4113,-44.3989,49.5635
-13.4113,-44.3989,49.5635
-13.4113,-44.3989,49.5635
-13.4113,-44.3989,49.5635
-13.4113,-44.3989,49.5635
-13.4113,-44.3989,49.5635
-13.4113,-44.3989,49.5635
-13.4113,-44.3989,49.5635
-13.4113,-44.3989,49.5635
-15.9103,-41.0669,48.4806
-15.9103,-41.0669,48.4806
-15.9103,-41.0669,48.4806
-15.9103,-41.0669,48.4806
-15.9103,-41.0669,48.4806
-15.9103,-41.0669,48.4806
-15.9103,-41.0669,48.4806
-15.9103,-41.0669,48.4806
-15.9103,-41.0669,48.4806
-15.9103,-41.0669,48.4806
-15.9103,-41.0669,48.4806
-15.9103,-41.0669,48.4806
-17.493,-38.7345,49.3136
-17.493,-38.7345,49.3136
-17.493,-38.7345,49.3136
-17.493,-38.7345,49.3136
-17.493,-38.7345,49.3136
-17.493,-38.7345,49.3136
-17.493,-38.7345,49.3136
-17.493,-38.7345,49.3136
-17.493,-38.7345,49.3136
-17.493,-38.7345,49.3136
-17.493,-38.7345,49.3136
-17.493,-38.7345,49.3136
-17.493,-38.7345,49.3136
-17.493,-38.7345,49.3136
-13.4113,-44.2323,49.98
-13.4113,-44.2323,49.98
-13.4113,-44.2323,49.98
-13.4113,-44.2323,49.98
-13.4113,-44.2323,49.98
-13.4113,-44.2323,49.98
-13.4113,-44.2323,49.98
-13.4113,-44.2323,49.98
-13.4113,-44.2323,49.98
-13.4113,-44.2323,49.98
-13.4113,-44.2323,49.98
-13.4113,-44.2323,49.98
-13.4113,-44.2323,49.98
-13.4113,-44.2323,49.98
-12.495,-40.0673,47.6476
-12.495,-40.0673,47.6476
-12.495,-40.0673,47.6476
-12.495,-40.0673,47.6476
-12.495,-40.0673,47.6476
-12.495,-40.0673,47.6476
-12.495,-40.0673,47.6476
-12.495,-40.0673,47.6476
-12.495,-40.0673,47.6476
-12.495,-40.0673,47.6476
-12.495,-40.0673,47.6476
-12.495,-40.0673,47.6476
-16.66,-37.6516,47.481
-16.66,-37.6516,47.481
-16.66,-37.6516,47.481
-16.66,-37.6516,47.481
-16.66,-37.6516,47.481
-16.66,-37.6516,47.481
-16.66,-37.6516,47.481
-16.66,-37.6516,47.481
-16.66,-37.6516,47.481
-16.66,-37.6516,47.481
-16.66,-37.6516,47.481
-16.66,-37.6516,47.481
-16.66,-37.6516,47.481
-13.1614,-40.4838,48.8971
-13.1614,-40.4838,48.8971
-13.1614,-40.4838,48.8971
-13.1614,-40.4838,48.8971
-13.1614,-40.4838,48.8971
-13.1614,-40.4838,48.8971
-13.1614,-40.4838,48.8971
-13.1614,-40.4838,48.8971
-13.1614,-40.4838,48.8971
-13.1614,-40.4838,48.8971
-13.1614,-40.4838,48.8971
-13.1614,-40.4838,48.8971
-13.1614,-40.4838,48.8971
-15.2439,-40.4838,46.2315
-15.2439,-40.4838,46.2315
-15.2439,-40.4838,46.2315
-15.2439,-40.4838,46.2315
-15.2439,-40.4838,46.2315
-15.2439,-40.4838,46.2315
-15.2439,-40.4838,46.2315
-15.2439,-40.4838,46.2315
-15.2439,-40.4838,46.2315
-15.2439,-40.4838,46.2315
-15.2439,-40.4838,46.2315
-15.2439,-40.4838,46.2315
-13.9944,-40.6504,48.8971
-13.9944,-40.6504,48.8971
-13.9944,-40.6504,48.8971
-13.9944,-40.6504,48.8971
-13.9944,-40.6504,48.8971
-13.9944,-40.6504,48.8971
-13.9944,-40.6504,48.8971
-13.9944,-40.6504,48.8971
-13.9944,-40.6504,48.8971
-13.9944,-40.6504,48.8971
-13.9944,-40.6504,48.8971
-13.9944,-40.6504,48.8971
-13.9944,-40.6504,48.8971
-13.9944,-40.6504,48.8971
-13.9944,-39.6508,45.1486
-13.9944,-39.6508,45.1486
-13.9944,-39.6508,45.1486
-13.9944,-39.6508,45.1486
-13.9944,-39.6508,45.1486
-13.9944,-39.6508,45.1486
-13.9944,-39.6508,45.1486
-13.9944,-39.6508,45.1486
-13.9944,-39.6508,45.1486
-13.9944,-39.6508,45.1486
-13.9944,-39.6508,45.1486
-13.9944,-39.6508,45.1486
-13.9944,-39.6508,45.1486
-15.2439,-42.2331,52.0625
-15.2439,-42.2331,52.0625
-15.2439,-42.2331,52.0625
-15.2439,-42.2331,52.0625
-15.2439,-42.2331,52.0625
-15.2439,-42.2331,52.0625
-15.2439,-42.2331,52.0625
-15.2439,-42.2331,52.0625
-15.2439,-42.2331,52.0625
-15.2439,-42.2331,52.0625
-15.2439,-42.2331,52.0625
-15.2439,-42.2331,52.0625
-15.2439,-42.2331,52.0625
-13.9944,-42.6496,47.481
-13.9944,-42.6496,47.481
-13.9944,-42.6496,47.481
-13.9944,-42.6496,47.481
-13.9944,-42.6496,47.481
-13.9944,-42.6496,47.481
-13.9944,-42.6496,47.481
-13.9944,-42.6496,47.481
-13.9944,-42.6496,47.481
-13.9944,-42.6496,47.481
-13.9944,-42.6496,47.481
-13.9944,-42.6496,47.481
-13.9944,-42.6496,47.481
-15.2439,-41.3168,48.314
-15.2439,-41.3168,48.314
-15.2439,-41.3168,48.314
-15.2439,-41.3168,48.314
-15.2439,-41.3168,48.314
-15.2439,-41.3168,48.314
-15.2439,-41.3168,48.314
-15.2439,-41.3168,48.314
-15.2439,-41.3168,48.314
-15.2439,-41.3168,48.314
-15.2439,-41.3168,48.314
-15.2439,-41.3168,48.314
-13.1614,-43.0661,49.98
-13.1614,-43.0661,49.98
-13.1614,-43.0661,49.98
-13.1614,-43.0661,49.98
-13.1614,-43.0661,49.98
-13.1614,-43.0661,49.98
-13.1614,-43.0661,49.98
-13.1614,-43.0661,49.98
-13.1614,-43.0661,49.98
-13.1614,-43.0661,49.98
-13.1614,-43.0661,49.98
-13.1614,-43.0661,49.98
-13.1614,-43.0661,49.98
-13.1614,-43.0661,49.98
-15.9103,-39.6508,46.3981
-15.9103,-39.6508,46.3981
-15.9103,-39.6508,46.3981
-15.9103,-39.6508,46.3981
-15.9103,-39.6508,46.3981
-15.9103,-39.6508,46.3981
-15.9103,-39.6508,46.3981
-15.9103,-39.6508,46.3981
-15.9103,-39.6508,46.3981
-15.9103,-39.6508,46.3981
-15.9103,-39.6508,46.3981
-15.9103,-39.6508,46.3981
-13.8278,-38.7345,46.3981
-13.8278,-38.7345,46.3981
-13.8278,-38.7345,46.3981
-13.8278,-38.7345,46.3981
-13.8278,-38.7345,46.3981
-13.8278,-38.7345,46.3981
-13.8278,-38.7345,46.3981
-13.8278,-38.7345,46.3981
-13.8278,-38.7345,46.3981
-13.8278,-38.7345,46.3981
-13.8278,-38.7345,46.3981
-13.8278,-38.7345,46.3981
-13.8278,-38.7345,46.3981
-12.9115,-40.4838,48.4806
-12.9115,-40.4838,48.4806
-12.9115,-40.4838,48.4806
-12.9115,-40.4838,48.4806
-12.9115,-40.4838,48.4806
-12.9115,-40.4838,48.4806
-12.9115,-40.4838,48.4806
-12.9115,-40.4838,48.4806
-12.9115,-40.4838,48.4806
-12.9115,-40.4838,48.4806
-12.9115,-40.4838,48.4806
-12.9115,-40.4838,48.4806
-16.66,-40.9003,49.3136
-16.66,-40.9003,49.3136
-16.66,-40.9003,49.3136
-16.66,-40.9003,49.3136
-16.66,-40.9003,49.3136
-16.66,-40.9003,49.3136
-16.66,-40.9003,49.3136
-16.66,-40.9003,49.3136
-16.66,-40.9003,49.3136
-16.66,-40.9003,49.3136
-16.66,-40.9003,49.3136
-16.66,-40.9003,49.3136
-16.66,-40.9003,49.3136
-16.66,-40.9003,49.3136
-16.66,-38.9011,50.3965
-16.66,-38.9011,50.3965
-16.66,-38.9011,50.3965
-16.66,-38.9011,50.3965
-16.66,-38.9011,50.3965
-16.66,-38.9011,50.3965
-16.66,-38.9011,50.3965
-16.66,-38.9011,50.3965
-16.66,-38.9011,50.3965
-16.66,-38.9011,50.3965
-16.66,-38.9011,50.3965
-16.66,-38.9011,50.3965
-16.66,-38.9011,50.3965
-16.0769,-40.0673,49.7301
-16.0769,-40.0673,49.7301
-16.0769,-40.0673,49.7301
-16.0769,-40.0673,49.7301
-16.0769,-40.0673,49.7301
-16.0769,-40.0673,49.7301
-16.0769,-40.0673,49.7301
-18.7425,-38.318,49.147
-18.7425,-38.318,49.147
-18.7425,-38.318,49.147
-18.7425,-38.318,49.147
-18.7425,-38.318,49.147
-18.7425,-38.318,49.147
-18.7425,-38.318,49.147
-18.7425,-38.318,49.147
-18.7425,-38.318,49.147
-18.7425,-38.318,49.147
-18.7425,-38.318,49.147
-18.7425,-38.318,49.147
-18.9091,-41.3168,44.982
-18.9091,-41.3168,44.982
-18.9091,-41.3168,44.982
-18.9091,-41.3168,44.982
-18.9091,-41.3168,44.982
-18.9091,-41.3168,44.982
-18.9091,-41.3168,44.982
-18.9091,-41.3168,44.982
-18.9091,-41.3168,44.982
-18.9091,-41.3168,44.982
-18.9091,-41.3168,44.982
-18.7425,-39.3176,45.1486
-18.7425,-39.3176,45.1486
