x,y,z
0,0,0
-9.7461,-54.6448,38.7345
-9.7461,-54.6448,38.7345
-9.7461,-54.6448,38.7345
-9.7461,-54.6448,38.7345
-9.7461,-54.6448,38.7345
-9.7461,-54.6448,38.7345
-9.7461,-54.6448,38.7345
-12.0785,-55.811,37.485
-12.0785,-55.811,37.485
-12.0785,-55.811,37.485
-12.0785,-55.811,37.485
-12.0785,-55.811,37.485
-12.0785,-55.811,37.485
-12.0785,-55.811,37.485
-12.0785,-55.811,37.485
-12.0785,-55.811,37.485
-12.0785,-55.811,37.485
-12.0785,-55.811,37.485
-12.0785,-55.811,37.485
-6.9139,-50.2299,38.9011
-6.9139,-50.2299,38.9011
-6.9139,-50.2299,38.9011
-6.9139,-50.2299,38.9011
-6.9139,-50.2299,38.9011
-6.9139,-50.2299,38.9011
-6.9139,-50.2299,38.9011
-6.9139,-50.2299,38.9011
-6.9139,-50.2299,38.9011
-6.9139,-50.2299,38.9011
-6.9139,-50.2299,38.9011
-11.662,-54.8114,40.1506
-11.662,-54.8114,40.1506
-11.662,-54.8114,40.1506
-11.662,-54.8114,40.1506
-11.662,-54.8114,40.1506
-11.662,-54.8114,40.1506
-11.662,-54.8114,40.1506
-11.662,-54.8114,40.1506
-11.662,-54.8114,40.1506
-11.662,-54.8114,40.1506
-11.662,-54.8114,40.1506
-8.5799,-52.0625,39.5675
-8.5799,-52.0625,39.5675
-8.5799,-52.0625,39.5675
-8.5799,-52.0625,39.5675
-8.5799,-52.0625,39.5675
-8.5799,-52.0625,39.5675
-8.5799,-52.0625,39.5675
-8.5799,-52.0625,39.5675
-8.5799,-52.0625,39.5675
-8.5799,-52.0625,39.5675
-8.5799,-52.0625,39.5675
-8.5799,-52.0625,39.5675
-8.5799,-52.0625,39.5675
-8.5799,-52.0625,39.5675
-8.413301,-55.0613,38.7345
-8.413301,-55.0613,38.7345
-8.413301,-55.0613,38.7345
-8.413301,-55.0613,38.7345
-8.413301,-55.0613,38.7345
-8.413301,-55.0613,38.7345
-8.413301,-55.0613,38.7345
-8.413301,-55.0613,38.7345
-8.413301,-55.0613,38.7345
-8.413301,-55.0613,38.7345
-8.413301,-55.0613,38.7345
-8.413301,-55.0613,38.7345
-13.5779,-53.9784,36.2355
-13.5779,-53.9784,36.2355
-13.5779,-53.9784,36.2355
-13.5779,-53.9784,36.2355
-13.5779,-53.9784,36.2355
-13.5779,-53.9784,36.2355
-13.5779,-53.9784,36.2355
-13.5779,-53.9784,36.2355
-13.5779,-53.9784,36.2355
-13.5779,-53.9784,36.2355
-13.5779,-53.9784,36.2355
-11.662,-51.3961,39.7341
-11.662,-51.3961,39.7341
-11.662,-51.3961,39.7341
-11.662,-51.3961,39.7341
-11.662,-51.3961,39.7341
-11.662,-51.3961,39.7341
-11.662,-51.3961,39.7341
-11.662,-51.3961,39.7341
-11.662,-51.3961,39.7341
-11.662,-51.3961,39.7341
-11.662,-51.3961,39.7341
-11.662,-51.3961,39.7341
-11.662,-51.3961,39.7341
-11.662,-55.9776,37.0685
-11.662,-55.9776,37.0685
-11.662,-55.9776,37.0685
-11.662,-55.9776,37.0685
-11.662,-55.9776,37.0685
-11.662,-55.9776,37.0685
-11.662,-55.9776,37.0685
-11.662,-55.9776,37.0685
-11.662,-55.9776,37.0685
-11.662,-55.9776,37.0685
-11.662,-55.9776,37.0685
-11.662,-55.9776,37.0685
-11.662,-55.9776,37.0685
-9.996,-56.8106,38.9011
-9.996,-56.8106,38.9011
-9.996,-56.8106,38.9011
-9.996,-56.8106,38.9011
-9.996,-56.8106,38.9011
-9.996,-56.8106,38.9011
-9.996,-56.8106,38.9011
-9.996,-56.8106,38.9011
-9.996,-56.8106,38.9011
-9.996,-56.8106,38.9011
-9.996,-56.8106,38.9011
-9.996,-56.8106,38.9011
-10.829,-51.8126,38.4846
-10.829,-51.8126,38.4846
-10.829,-51.8126,38.4846
-10.829,-51.8126,38.4846
-10.829,-51.8126,38.4846
-10.829,-51.8126,38.4846
-10.829,-51.8126,38.4846
-10.829,-51.8126,38.4846
-10.829,-51.8126,38.4846
-10.829,-51.8126,38.4846
-10.829,-51.8126,38.4846
-10.829,-51.8126,38.4846
-10.829,-51.8126,38.4846
-10.829,-51.8126,38.4846
-10.9956,-55.9776,38.318
-10.9956,-55.9776,38.318
-10.9956,-55.9776,38.318
-10.9956,-55.9776,38.318
-10.9956,-55.9776,38.318
-10.9956,-55.9776,38.318
-10.9956,-55.9776,38.318
-10.9956,-55.9776,38.318
-10.9956,-55.9776,38.318
-10.9956,-55.9776,38.318
-10.9956,-55.9776,38.318
-10.9956,-55.9776,38.318
-10.9956,-55.9776,38.318
-11.662,-59.3929,37.9015
-11.662,-59.3929,37.9015
-11.662,-59.3929,37.9015
-11.662,-59.3929,37.9015
-11.662,-59.3929,37.9015
-11.662,-59.3929,37.9015
-11.662,-59.3929,37.9015
-11.662,-59.3929,37.9015
-11.662,-59.3929,37.9015
-3.9151,-56.8106,43.7325
-3.9151,-56.8106,43.7325
-3.9151,-56.8106,43.7325
-3.9151,-56.8106,43.7325
-3.9151,-56.8106,43.7325
-3.9151,-56.8106,43.7325
-3.9151,-56.8106,43.7325
-3.9151,-56.8106,43.7325
-3.9151,-56.8106,43.7325
-3.9151,-56.8106,43.7325
-3.9151,-56.8106,43.7325
-3.9151,-56.8106,43.7325
-3.9151,-56.8106,43.7325
-0.2499,-47.2311,48.7305
-0.2499,-47.2311,48.7305
-0.2499,-47.2311,48.7305
-0.2499,-47.2311,48.7305
-0.2499,-47.2311,48.7305
-0.2499,-47.2311,48.7305
-0.2499,-47.2311,48.7305
-0.2499,-47.2311,48.7305
-0.2499,-47.2311,48.7305
-0.2499,-47.2311,48.7305
-0.2499,-47.2311,48.7305
-0.2499,-47.2311,48.7305
14.2443,-43.8991,52.8955
14.2443,-43.8991,52.8955
14.2443,-43.8991,52.8955
14.2443,-43.8991,52.8955
14.2443,-43.8991,52.8955
14.2443,-43.8991,52.8955
14.2443,-43.8991,52.8955
14.2443,-43.8991,52.8955
14.2443,-43.8991,52.8955
14.2443,-43.8991,52.8955
14.2443,-43.8991,52.8955
14.2443,-43.8991,52.8955
14.2443,-43.8991,52.8955
14.2443,-43.8991,52.8955
10.1626,-40.0673,50.5631
10.1626,-40.0673,50.5631
10.1626,-40.0673,50.5631
10.1626,-40.0673,50.5631
10.1626,-40.0673,50.5631
10.1626,-40.0673,50.5631
10.1626,-40.0673,50.5631
10.1626,-40.0673,50.5631
10.1626,-40.0673,50.5631
10.1626,-40.0673,50.5631
10.1626,-40.0673,50.5631
10.1626,-40.0673,50.5631
8.163401,-43.0661,52.479
8.163401,-43.0661,52.479
8.163401,-43.0661,52.479
8.163401,-43.0661,52.479
8.163401,-43.0661,52.479
8.163401,-43.0661,52.479
8.163401,-43.0661,52.479
8.163401,-43.0661,52.479
8.163401,-43.0661,52.479
8.163401,-43.0661,52.479
8.163401,-43.0661,52.479
8.163401,-43.0661,52.479
8.163401,-43.0661,52.479
8.163401,-43.0661,52.479
9.2463,-45.4818,50.5631
9.2463,-45.4818,50.5631
9.2463,-45.4818,50.5631
9.2463,-45.4818,50.5631
9.2463,-45.4818,50.5631
9.2463,-45.4818,50.5631
9.2463,-45.4818,50.5631
9.2463,-45.4818,50.5631
9.2463,-45.4818,50.5631
9.2463,-45.4818,50.5631
9.2463,-45.4818,50.5631
9.2463,-45.4818,50.5631
-2.9988,-50.4798,46.3981
-2.9988,-50.4798,46.3981
-2.9988,-50.4798,46.3981
-2.9988,-50.4798,46.3981
-2.9988,-50.4798,46.3981
-2.9988,-50.4798,46.3981
-2.9988,-50.4798,46.3981
-2.9988,-50.4798,46.3981
-2.9988,-50.4798,46.3981
-2.9988,-50.4798,46.3981
-2.9988,-50.4798,46.3981
-2.9988,-50.4798,46.3981
-2.9988,-50.4798,46.3981
-2.9988,-50.4798,46.3981
-14.6608,-56.644,33.32
-14.6608,-56.644,33.32
-14.6608,-56.644,33.32
-14.6608,-56.644,33.32
-14.6608,-56.644,33.32
-14.6608,-56.644,33.32
-14.6608,-56.644,33.32
-14.6608,-56.644,33.32
-14.6608,-56.644,33.32
-14.6608,-56.644,33.32
-14.6608,-56.644,33.32
-14.6608,-56.644,33.32
-14.6608,-56.644,33.32
-14.6608,-56.644,33.32
-15.9103,-53.5619,28.7385
-15.9103,-53.5619,28.7385
-15.9103,-53.5619,28.7385
-15.9103,-53.5619,28.7385
-15.9103,-53.5619,28.7385
-15.9103,-53.5619,28.7385
-15.9103,-53.5619,28.7385
-15.9103,-53.5619,28.7385
-15.9103,-53.5619,28.7385
-15.9103,-53.5619,28.7385
-15.9103,-53.5619,28.7385
-15.9103,-53.5619,28.7385
-16.4101,-55.811,28.7385
-16.4101,-55.811,28.7385
-16.4101,-55.811,28.7385
-16.4101,-55.811,28.7385
-16.4101,-55.811,28.7385
-16.4101,-55.811,28.7385
-16.4101,-55.811,28.7385
-16.4101,-55.811,28.7385
-16.4101,-55.811,28.7385
-16.4101,-55.811,28.7385
-16.4101,-55.811,28.7385
-16.4101,-55.811,28.7385
-16.0769,-57.0605,28.0721
-16.0769,-57.0605,28.0721
-16.0769,-57.0605,28.0721
-16.0769,-57.0605,28.0721
-16.0769,-57.0605,28.0721
-16.0769,-57.0605,28.0721
-16.0769,-57.0605,28.0721
-16.0769,-57.0605,28.0721
-16.0769,-57.0605,28.0721
-16.0769,-57.0605,28.0721
-16.0769,-57.0605,28.0721
-16.0769,-57.0605,28.0721
-16.0769,-57.0605,28.0721
-16.0769,-57.0605,28.0721
-13.1614,-58.9764,25.2399
-13.1614,-58.9764,25.2399
-13.1614,-58.9764,25.2399
-13.1614,-58.9764,25.2399
-13.1614,-58.9764,25.2399
-13.1614,-58.9764,25.2399
-13.1614,-58.9764,25.2399
-13.1614,-58.9764,25.2399
-13.1614,-58.9764,25.2399
-13.1614,-58.9764,25.2399
-13.1614,-58.9764,25.2399
-13.1614,-58.9764,25.2399
-13.1614,-58.9764,25.2399
-8.5799,-56.8106,38.318
-8.5799,-56.8106,38.318
-8.5799,-56.8106,38.318
-8.5799,-56.8106,38.318
-8.5799,-56.8106,38.318
-8.5799,-56.8106,38.318
-8.5799,-56.8106,38.318
-8.5799,-56.8106,38.318
-8.5799,-56.8106,38.318
-8.5799,-56.8106,38.318
-8.5799,-56.8106,38.318
-8.5799,-56.8106,38.318
-8.5799,-56.8106,38.318
12.2451,-50.6464,45.9816
12.2451,-50.6464,45.9816
12.2451,-50.6464,45.9816
12.2451,-50.6464,45.9816
12.2451,-50.6464,45.9816
12.2451,-50.6464,45.9816
12.2451,-50.6464,45.9816
12.2451,-50.6464,45.9816
12.2451,-50.6464,45.9816
12.2451,-50.6464,45.9816
12.2451,-50.6464,45.9816
12.2451,-50.6464,45.9816
12.2451,-50.6464,45.9816
12.2451,-50.6464,45.9816
22.3244,-53.312,48.314
22.3244,-53.312,48.314
22.3244,-53.312,48.314
22.3244,-53.312,48.314
22.3244,-53.312,48.314
22.3244,-53.312,48.314
22.3244,-53.312,48.314
22.3244,-53.312,48.314
22.3244,-53.312,48.314
22.3244,-53.312,48.314
22.3244,-53.312,48.314
22.3244,-53.312,48.314
22.5743,-54.8114,49.98
22.5743,-54.8114,49.98
22.5743,-54.8114,49.98
22.5743,-54.8114,49.98
22.5743,-54.8114,49.98
22.5743,-54.8114,49.98
22.5743,-54.8114,49.98
22.5743,-54.8114,49.98
22.5743,-54.8114,49.98
22.5743,-54.8114,49.98
22.5743,-54.8114,49.98
22.5743,-54.8114,49.98
22.5743,-54.8114,49.98
22.5743,-54.8114,49.98
12.6616,-51.646,47.481
12.6616,-51.646,47.481
12.6616,-51.646,47.481
12.6616,-51.646,47.481
12.6616,-51.646,47.481
12.6616,-51.646,47.481
12.6616,-51.646,47.481
12.6616,-51.646,47.481
12.6616,-51.646,47.481
12.6616,-51.646,47.481
12.6616,-51.646,47.481
12.6616,-51.646,47.481
12.6616,-51.646,47.481
1.4994,-55.9776,48.7305
1.4994,-55.9776,48.7305
1.4994,-55.9776,48.7305
1.4994,-55.9776,48.7305
1.4994,-55.9776,48.7305
1.4994,-55.9776,48.7305
1.4994,-55.9776,48.7305
1.4994,-55.9776,48.7305
1.4994,-55.9776,48.7305
1.4994,-55.9776,48.7305
1.4994,-55.9776,48.7305
1.4994,-55.9776,48.7305
1.4994,-55.9776,48.7305
-10.1626,-60.5591,37.6516
-10.1626,-60.5591,37.6516
-10.1626,-60.5591,37.6516
-10.1626,-60.5591,37.6516
-10.1626,-60.5591,37.6516
-10.1626,-60.5591,37.6516
-10.1626,-60.5591,37.6516
-10.1626,-60.5591,37.6516
-10.1626,-60.5591,37.6516
-10.1626,-60.5591,37.6516
-10.1626,-60.5591,37.6516
-10.1626,-60.5591,37.6516
-10.1626,-60.5591,37.6516
-10.1626,-60.5591,37.6516
-23.9071,-57.477,27.489
-23.9071,-57.477,27.489
-23.9071,-57.477,27.489
-23.9071,-57.477,27.489
-23.9071,-57.477,27.489
-23.9071,-57.477,27.489
-23.9071,-57.477,27.489
-23.9071,-57.477,27.489
-23.9071,-57.477,27.489
-23.9071,-57.477,27.489
-23.9071,-57.477,27.489
-23.9071,-57.477,27.489
-18.7425,-53.9784,27.489
-18.7425,-53.9784,27.489
-18.7425,-53.9784,27.489
-18.7425,-53.9784,27.489
-18.7425,-53.9784,27.489
-18.7425,-53.9784,27.489
-18.7425,-53.9784,27.489
-18.7425,-53.9784,27.489
-18.7425,-53.9784,27.489
-18.7425,-53.9784,27.489
-18.7425,-53.9784,27.489
-18.7425,-53.9784,27.489
-19.8254,-54.8114,30.821
-19.8254,-54.8114,30.821
-19.8254,-54.8114,30.821
-19.8254,-54.8114,30.821
-19.8254,-54.8114,30.821
-19.8254,-54.8114,30.821
-19.8254,-54.8114,30.821
-19.8254,-54.8114,30.821
-19.8254,-54.8114,30.821
-19.8254,-54.8114,30.821
-19.8254,-54.8114,30.821
-19.8254,-54.8114,30.821
-19.8254,-54.8114,30.821
-19.8254,-54.8114,30.821
-20.6584,-55.2279,32.2371
-20.6584,-55.2279,32.2371
-20.6584,-55.2279,32.2371
-20.6584,-55.2279,32.2371
-20.6584,-55.2279,32.2371
-20.6584,-55.2279,32.2371
-20.6584,-55.2279,32.2371
-20.6584,-55.2279,32.2371
-20.6584,-55.2279,32.2371
-20.6584,-55.2279,32.2371
-20.6584,-55.2279,32.2371
-20.6584,-55.2279,32.2371
-17.9095,-51.8126,35.9856
-17.9095,-51.8126,35.9856
-17.9095,-51.8126,35.9856
-17.9095,-51.8126,35.9856
-17.9095,-51.8126,35.9856
-17.9095,-51.8126,35.9856
-17.9095,-51.8126,35.9856
-17.9095,-51.8126,35.9856
-17.9095,-51.8126,35.9856
-17.9095,-51.8126,35.9856
-17.9095,-51.8126,35.9856
-17.9095,-51.8126,35.9856
-17.9095,-51.8126,35.9856
-17.9095,-51.8126,35.9856
-5.9976,-48.9804,43.8991
-5.9976,-48.9804,43.8991
-5.9976,-48.9804,43.8991
-5.9976,-48.9804,43.8991
-5.9976,-48.9804,43.8991
-5.9976,-48.9804,43.8991
-5.9976,-48.9804,43.8991
-5.9976,-48.9804,43.8991
-5.9976,-48.9804,43.8991
-5.9976,-48.9804,43.8991
-5.9976,-48.9804,43.8991
-5.9976,-48.9804,43.8991
-5.9976,-48.9804,43.8991
7.9968,-46.8146,49.98
7.9968,-46.8146,49.98
7.9968,-46.8146,49.98
7.9968,-46.8146,49.98
7.9968,-46.8146,49.98
7.9968,-46.8146,49.98
7.9968,-46.8146,49.98
7.9968,-46.8146,49.98
7.9968,-46.8146,49.98
7.9968,-46.8146,49.98
7.9968,-46.8146,49.98
7.9968,-46.8146,49.98
7.9968,-46.8146,49.98
13.4113,-45.4818,50.813
13.4113,-45.4818,50.813
13.4113,-45.4818,50.813
13.4113,-45.4818,50.813
13.4113,-45.4818,50.813
13.4113,-45.4818,50.813
13.4113,-45.4818,50.813
13.4113,-45.4818,50.813
13.4113,-45.4818,50.813
13.4113,-45.4818,50.813
13.4113,-45.4818,50.813
13.4113,-45.4818,50.813
13.4113,-45.4818,50.813
11.2455,-46.3148,49.5635
11.2455,-46.3148,49.5635
11.2455,-46.3148,49.5635
11.2455,-46.3148,49.5635
11.2455,-46.3148,49.5635
11.2455,-46.3148,49.5635
11.2455,-46.3148,49.5635
11.2455,-46.3148,49.5635
11.2455,-46.3148,49.5635
11.2455,-46.3148,49.5635
11.2455,-46.3148,49.5635
11.2455,-46.3148,49.5635
11.2455,-46.3148,49.5635
12.9115,-45.6484,48.4806
12.9115,-45.6484,48.4806
12.9115,-45.6484,48.4806
12.9115,-45.6484,48.4806
12.9115,-45.6484,48.4806
12.9115,-45.6484,48.4806
12.9115,-45.6484,48.4806
12.9115,-45.6484,48.4806
12.9115,-45.6484,48.4806
12.9115,-45.6484,48.4806
12.9115,-45.6484,48.4806
12.9115,-45.6484,48.4806
12.9115,-45.6484,48.4806
-8.413301,-53.312,39.3176
-8.413301,-53.312,39.3176
-8.413301,-53.312,39.3176
-8.413301,-53.312,39.3176
-8.413301,-53.312,39.3176
-8.413301,-53.312,39.3176
-8.413301,-53.312,39.3176
-8.413301,-53.312,39.3176
-8.413301,-53.312,39.3176
-8.413301,-53.312,39.3176
-8.413301,-53.312,39.3176
-8.413301,-53.312,39.3176
-8.413301,-53.312,39.3176
-17.6596,-62.0585,27.6556
-17.6596,-62.0585,27.6556
-17.6596,-62.0585,27.6556
-17.6596,-62.0585,27.6556
-17.6596,-62.0585,27.6556
-17.6596,-62.0585,27.6556
-17.6596,-62.0585,27.6556
-17.6596,-62.0585,27.6556
-17.6596,-62.0585,27.6556
-17.6596,-62.0585,27.6556
-17.6596,-62.0585,27.6556
-17.6596,-62.0585,27.6556
-17.6596,-62.0585,27.6556
-17.6596,-62.0585,27.6556
-16.66,-60.9756,27.9055
-16.66,-60.9756,27.9055
-16.66,-60.9756,27.9055
-16.66,-60.9756,27.9055
-16.66,-60.9756,27.9055
-16.66,-60.9756,27.9055
-16.66,-60.9756,27.9055
-16.66,-60.9756,27.9055
-16.66,-60.9756,27.9055
-16.66,-60.9756,27.9055
-16.66,-60.9756,27.9055
-16.66,-60.9756,27.9055
-15.6604,-62.475,25.4898
-15.6604,-62.475,25.4898
-15.6604,-62.475,25.4898
-15.6604,-62.475,25.4898
-15.6604,-62.475,25.4898
-15.6604,-62.475,25.4898
-15.6604,-62.475,25.4898
-15.6604,-62.475,25.4898
-15.6604,-62.475,25.4898
-15.6604,-62.475,25.4898
-15.6604,-62.475,25.4898
-15.6604,-62.475,25.4898
-15.6604,-62.475,25.4898
-15.9103,-60.0593,29.3216
-15.9103,-60.0593,29.3216
-15.9103,-60.0593,29.3216
-15.9103,-60.0593,29.3216
-15.9103,-60.0593,29.3216
-15.9103,-60.0593,29.3216
-15.9103,-60.0593,29.3216
-15.9103,-60.0593,29.3216
-15.9103,-60.0593,29.3216
-15.9103,-60.0593,29.3216
-15.9103,-60.0593,29.3216
-15.9103,-60.0593,29.3216
-10.829,-58.1434,37.9015
-10.829,-58.1434,37.9015
-10.829,-58.1434,37.9015
-10.829,-58.1434,37.9015
-10.829,-58.1434,37.9015
-10.829,-58.1434,37.9015
-10.829,-58.1434,37.9015
-10.829,-58.1434,37.9015
-10.829,-58.1434,37.9015
-10.829,-58.1434,37.9015
-10.829,-58.1434,37.9015
-10.829,-58.1434,37.9015
-10.829,-58.1434,37.9015
3.9151,-59.6428,44.982
3.9151,-59.6428,44.982
3.9151,-59.6428,44.982
3.9151,-59.6428,44.982
3.9151,-59.6428,44.982
3.9151,-59.6428,44.982
3.9151,-59.6428,44.982
3.9151,-59.6428,44.982
3.9151,-59.6428,44.982
3.9151,-59.6428,44.982
3.9151,-59.6428,44.982
3.9151,-59.6428,44.982
3.9151,-59.6428,44.982
13.1614,-48.9804,51.8126
13.1614,-48.9804,51.8126
13.1614,-48.9804,51.8126
13.1614,-48.9804,51.8126
13.1614,-48.9804,51.8126
13.1614,-48.9804,51.8126
13.1614,-48.9804,51.8126
13.1614,-48.9804,51.8126
13.1614,-48.9804,51.8126
13.1614,-48.9804,51.8126
13.1614,-48.9804,51.8126
13.1614,-48.9804,51.8126
13.1614,-48.9804,51.8126
14.8274,-48.8138,49.3136
14.8274,-48.8138,49.3136
14.8274,-48.8138,49.3136
14.8274,-48.8138,49.3136
14.8274,-48.8138,49.3136
14.8274,-48.8138,49.3136
14.8274,-48.8138,49.3136
14.8274,-48.8138,49.3136
14.8274,-48.8138,49.3136
14.8274,-48.8138,49.3136
14.8274,-48.8138,49.3136
14.8274,-48.8138,49.3136
14.8274,-48.8138,49.3136
18.7425,-48.9804,52.479
18.7425,-48.9804,52.479
18.7425,-48.9804,52.479
18.7425,-48.9804,52.479
18.7425,-48.9804,52.479
18.7425,-48.9804,52.479
18.7425,-48.9804,52.479
18.7425,-48.9804,52.479
18.7425,-48.9804,52.479
18.7425,-48.9804,52.479
18.7425,-48.9804,52.479
18.7425,-48.9804,52.479
18.7425,-48.9804,52.479
18.7425,-48.9804,52.479
18.9091,-50.0633,48.4806
18.9091,-50.0633,48.4806
18.9091,-50.0633,48.4806
18.9091,-50.0633,48.4806
18.9091,-50.0633,48.4806
18.9091,-50.0633,48.4806
18.9091,-50.0633,48.4806
18.9091,-50.0633,48.4806
18.9091,-50.0633,48.4806
18.9091,-50.0633,48.4806
18.9091,-50.0633,48.4806
18.9091,-50.0633,48.4806
10.5791,-50.8963,50.5631
10.5791,-50.8963,50.5631
10.5791,-50.8963,50.5631
10.5791,-50.8963,50.5631
10.5791,-50.8963,50.5631
10.5791,-50.8963,50.5631
10.5791,-50.8963,50.5631
10.5791,-50.8963,50.5631
10.5791,-50.8963,50.5631
10.5791,-50.8963,50.5631
10.5791,-50.8963,50.5631
10.5791,-50.8963,50.5631
10.5791,-50.8963,50.5631
-4.5815,-51.2295,44.3156
-4.5815,-51.2295,44.3156
-4.5815,-51.2295,44.3156
-4.5815,-51.2295,44.3156
-4.5815,-51.2295,44.3156
-4.5815,-51.2295,44.3156
-4.5815,-51.2295,44.3156
-4.5815,-51.2295,44.3156
-4.5815,-51.2295,44.3156
-4.5815,-51.2295,44.3156
-4.5815,-51.2295,44.3156
-4.5815,-51.2295,44.3156
-4.5815,-51.2295,44.3156
-12.6616,-55.811,36.2355
-12.6616,-55.811,36.2355
-12.6616,-55.811,36.2355
-12.6616,-55.811,36.2355
-12.6616,-55.811,36.2355
-12.6616,-55.811,36.2355
-12.6616,-55.811,36.2355
-12.6616,-55.811,36.2355
-12.6616,-55.811,36.2355
-12.6616,-55.811,36.2355
-12.6616,-55.811,36.2355
-12.6616,-55.811,36.2355
-12.6616,-55.811,36.2355
-18.326,-53.5619,33.4866
-18.326,-53.5619,33.4866
-18.326,-53.5619,33.4866
-18.326,-53.5619,33.4866
-18.326,-53.5619,33.4866
-18.326,-53.5619,33.4866
-18.326,-53.5619,33.4866
-18.326,-53.5619,33.4866
-18.326,-53.5619,33.4866
-18.326,-53.5619,33.4866
-18.326,-53.5619,33.4866
-18.326,-53.5619,33.4866
-14.8274,-57.2271,33.0701
-14.8274,-57.2271,33.0701
-14.8274,-57.2271,33.0701
-14.8274,-57.2271,33.0701
-14.8274,-57.2271,33.0701
-14.8274,-57.2271,33.0701
-14.8274,-57.2271,33.0701
-14.8274,-57.2271,33.0701
-14.8274,-57.2271,33.0701
-14.8274,-57.2271,33.0701
-14.8274,-57.2271,33.0701
-14.8274,-57.2271,33.0701
-14.8274,-57.2271,33.0701
-14.8274,-57.2271,33.0701
-9.7461,-60.5591,37.0685
-9.7461,-60.5591,37.0685
-9.7461,-60.5591,37.0685
-9.7461,-60.5591,37.0685
-9.7461,-60.5591,37.0685
-9.7461,-60.5591,37.0685
-9.7461,-60.5591,37.0685
-9.7461,-60.5591,37.0685
-9.7461,-60.5591,37.0685
-9.7461,-60.5591,37.0685
-9.7461,-60.5591,37.0685
-9.7461,-60.5591,37.0685
-9.7461,-60.5591,37.0685
7.7469,-56.3941,45.3985
7.7469,-56.3941,45.3985
7.7469,-56.3941,45.3985
7.7469,-56.3941,45.3985
7.7469,-56.3941,45.3985
7.7469,-56.3941,45.3985
7.7469,-56.3941,45.3985
7.7469,-56.3941,45.3985
7.7469,-56.3941,45.3985
7.7469,-56.3941,45.3985
7.7469,-56.3941,45.3985
7.7469,-56.3941,45.3985
7.7469,-56.3941,45.3985
22.1578,-49.6468,49.3136
22.1578,-49.6468,49.3136
22.1578,-49.6468,49.3136
22.1578,-49.6468,49.3136
22.1578,-49.6468,49.3136
22.1578,-49.6468,49.3136
22.1578,-49.6468,49.3136
22.1578,-49.6468,49.3136
22.1578,-49.6468,49.3136
22.1578,-49.6468,49.3136
22.1578,-49.6468,49.3136
22.1578,-49.6468,49.3136
22.1578,-49.6468,49.3136
22.1578,-49.6468,49.3136
22.6576,-47.6476,50.3965
22.6576,-47.6476,50.3965
22.6576,-47.6476,50.3965
22.6576,-47.6476,50.3965
22.6576,-47.6476,50.3965
22.6576,-47.6476,50.3965
22.6576,-47.6476,50.3965
22.6576,-47.6476,50.3965
22.6576,-47.6476,50.3965
22.6576,-47.6476,50.3965
22.6576,-47.6476,50.3965
22.6576,-47.6476,50.3965
12.9948,-48.9804,51.3961
12.9948,-48.9804,51.3961
12.9948,-48.9804,51.3961
12.9948,-48.9804,51.3961
12.9948,-48.9804,51.3961
12.9948,-48.9804,51.3961
12.9948,-48.9804,51.3961
12.9948,-48.9804,51.3961
12.9948,-48.9804,51.3961
12.9948,-48.9804,51.3961
12.9948,-48.9804,51.3961
12.9948,-48.9804,51.3961
12.9948,-48.9804,51.3961
12.9948,-48.9804,51.3961
0.4998,-56.644,47.481
0.4998,-56.644,47.481
0.4998,-56.644,47.481
0.4998,-56.644,47.481
0.4998,-56.644,47.481
0.4998,-56.644,47.481
0.4998,-56.644,47.481
0.4998,-56.644,47.481
0.4998,-56.644,47.481
0.4998,-56.644,47.481
0.4998,-56.644,47.481
0.4998,-56.644,47.481
-12.495,-56.644,33.32
-12.495,-56.644,33.32
-12.495,-56.644,33.32
-12.495,-56.644,33.32
-12.495,-56.644,33.32
-12.495,-56.644,33.32
-12.495,-56.644,33.32
-12.495,-56.644,33.32
-12.495,-56.644,33.32
-12.495,-56.644,33.32
-12.495,-56.644,33.32
-12.495,-56.644,33.32
-12.495,-56.644,33.32
-12.495,-56.644,33.32
-17.0765,-57.0605,32.487
-17.0765,-57.0605,32.487
-17.0765,-57.0605,32.487
-17.0765,-57.0605,32.487
-17.0765,-57.0605,32.487
-17.0765,-57.0605,32.487
-17.0765,-57.0605,32.487
-17.0765,-57.0605,32.487
-17.0765,-57.0605,32.487
-17.0765,-57.0605,32.487
-17.0765,-57.0605,32.487
-17.0765,-57.0605,32.487
-18.4926,-54.6448,32.2371
-18.4926,-54.6448,32.2371
-18.4926,-54.6448,32.2371
-18.4926,-54.6448,32.2371
-18.4926,-54.6448,32.2371
-18.4926,-54.6448,32.2371
-18.4926,-54.6448,32.2371
-18.4926,-54.6448,32.2371
-18.4926,-54.6448,32.2371
-18.4926,-54.6448,32.2371
-18.4926,-54.6448,32.2371
-18.4926,-54.6448,32.2371
-18.4926,-54.6448,32.2371
-18.4926,-54.6448,32.2371
-12.2451,-52.8955,36.4021
-12.2451,-52.8955,36.4021
-12.2451,-52.8955,36.4021
-12.2451,-52.8955,36.4021
-12.2451,-52.8955,36.4021
-12.2451,-52.8955,36.4021
-12.2451,-52.8955,36.4021
-12.2451,-52.8955,36.4021
-12.2451,-52.8955,36.4021
-12.2451,-52.8955,36.4021
-12.2451,-52.8955,36.4021
-12.2451,-52.8955,36.4021
2.5823,-51.8126,43.8991
2.5823,-51.8126,43.8991
2.5823,-51.8126,43.8991
2.5823,-51.8126,43.8991
2.5823,-51.8126,43.8991
2.5823,-51.8126,43.8991
2.5823,-51.8126,43.8991
2.5823,-51.8126,43.8991
2.5823,-51.8126,43.8991
2.5823,-51.8126,43.8991
2.5823,-51.8126,43.8991
2.5823,-51.8126,43.8991
2.5823,-51.8126,43.8991
2.5823,-51.8126,43.8991
6.4974,-51.2295,48.0641
6.4974,-51.2295,48.0641
6.4974,-51.2295,48.0641
6.4974,-51.2295,48.0641
6.4974,-51.2295,48.0641
6.4974,-51.2295,48.0641
6.4974,-51.2295,48.0641
6.4974,-51.2295,48.0641
6.4974,-51.2295,48.0641
6.4974,-51.2295,48.0641
6.4974,-51.2295,48.0641
6.4974,-51.2295,48.0641
6.4974,-51.2295,48.0641
3.1654,-48.0641,46.3981
3.1654,-48.0641,46.3981
3.1654,-48.0641,46.3981
3.1654,-48.0641,46.3981
3.1654,-48.0641,46.3981
3.1654,-48.0641,46.3981
3.1654,-48.0641,46.3981
3.1654,-48.0641,46.3981
3.1654,-48.0641,46.3981
3.1654,-48.0641,46.3981
3.1654,-48.0641,46.3981
3.1654,-48.0641,46.3981
3.7485,-48.9804,48.0641
3.7485,-48.9804,48.0641
3.7485,-48.9804,48.0641
3.7485,-48.9804,48.0641
3.7485,-48.9804,48.0641
3.7485,-48.9804,48.0641
3.7485,-48.9804,48.0641
3.7485,-48.9804,48.0641
3.7485,-48.9804,48.0641
3.7485,-48.9804,48.0641
3.7485,-48.9804,48.0641
3.7485,-48.9804,48.0641
3.7485,-48.9804,48.0641
4.998,-47.8975,49.147
4.998,-47.8975,49.147
4.998,-47.8975,49.147
4.998,-47.8975,49.147
4.998,-47.8975,49.147
4.998,-47.8975,49.147
4.998,-47.8975,49.147
4.998,-47.8975,49.147
4.998,-47.8975,49.147
4.998,-47.8975,49.147
4.998,-47.8975,49.147
4.998,-47.8975,49.147
4.998,-47.8975,49.147
1.3328,-47.8975,50.1466
1.3328,-47.8975,50.1466
1.3328,-47.8975,50.1466
1.3328,-47.8975,50.1466
1.3328,-47.8975,50.1466
1.3328,-47.8975,50.1466
1.3328,-47.8975,50.1466
1.3328,-47.8975,50.1466
1.3328,-47.8975,50.1466
1.3328,-47.8975,50.1466
1.3328,-47.8975,50.1466
1.3328,-47.8975,50.1466
1.3328,-47.8975,50.1466
1.3328,-47.8975,50.1466
1.4994,-44.6488,48.314
1.4994,-44.6488,48.314
1.4994,-44.6488,48.314
1.4994,-44.6488,48.314
1.4994,-44.6488,48.314
1.4994,-44.6488,48.314
1.4994,-44.6488,48.314
1.4994,-44.6488,48.314
1.4994,-44.6488,48.314
1.4994,-44.6488,48.314
1.4994,-44.6488,48.314
3.4986,-48.8138,50.9796
3.4986,-48.8138,50.9796
3.4986,-48.8138,50.9796
3.4986,-48.8138,50.9796
3.4986,-48.8138,50.9796
3.4986,-48.8138,50.9796
3.4986,-48.8138,50.9796
3.4986,-48.8138,50.9796
3.4986,-48.8138,50.9796
3.4986,-48.8138,50.9796
3.4986,-48.8138,50.9796
3.4986,-48.8138,50.9796
3.4986,-48.8138,50.9796
4.7481,-47.2311,50.3965
4.7481,-47.2311,50.3965
4.7481,-47.2311,50.3965
4.7481,-47.2311,50.3965
4.7481,-47.2311,50.3965
4.7481,-47.2311,50.3965
4.7481,-47.2311,50.3965
4.7481,-47.2311,50.3965
4.7481,-47.2311,50.3965
4.7481,-47.2311,50.3965
4.7481,-47.2311,50.3965
4.7481,-47.2311,50.3965
4.7481,-47.2311,50.3965
5.1646,-46.0649,47.481
5.1646,-46.0649,47.481
5.1646,-46.0649,47.481
5.1646,-46.0649,47.481
5.1646,-46.0649,47.481
5.1646,-46.0649,47.481
5.1646,-46.0649,47.481
5.1646,-46.0649,47.481
5.1646,-46.0649,47.481
5.1646,-46.0649,47.481
5.1646,-46.0649,47.481
5.1646,-46.0649,47.481
5.1646,-46.0649,47.481
6.9139,-47.0645,54.2283
6.9139,-47.0645,54.2283
6.9139,-47.0645,54.2283
6.9139,-47.0645,54.2283
6.9139,-47.0645,54.2283
6.9139,-47.0645,54.2283
6.9139,-47.0645,54.2283
6.9139,-47.0645,54.2283
6.9139,-47.0645,54.2283
6.9139,-47.0645,54.2283
6.9139,-47.0645,54.2283
6.9139,-47.0645,54.2283
6.9139,-47.0645,54.2283
4.7481,-45.4818,47.6476
4.7481,-45.4818,47.6476
4.7481,-45.4818,47.6476
4.7481,-45.4818,47.6476
4.7481,-45.4818,47.6476
4.7481,-45.4818,47.6476
4.7481,-45.4818,47.6476
4.7481,-45.4818,47.6476
4.7481,-45.4818,47.6476
4.7481,-45.4818,47.6476
4.7481,-45.4818,47.6476
4.7481,-45.4818,47.6476
4.7481,-45.4818,47.6476
4.7481,-45.4818,47.6476
4.5815,-46.8146,48.8971
4.5815,-46.8146,48.8971
4.5815,-46.8146,48.8971
4.5815,-46.8146,48.8971
4.5815,-46.8146,48.8971
4.5815,-46.8146,48.8971
4.5815,-46.8146,48.8971
4.5815,-46.8146,48.8971
4.5815,-46.8146,48.8971
4.5815,-46.8146,48.8971
4.5815,-46.8146,48.8971
4.5815,-46.8146,48.8971
6.9139,-47.8975,51.2295
6.9139,-47.8975,51.2295
6.9139,-47.8975,51.2295
6.9139,-47.8975,51.2295
6.9139,-47.8975,51.2295
6.9139,-47.8975,51.2295
6.9139,-47.8975,51.2295
6.9139,-47.8975,51.2295
6.9139,-47.8975,51.2295
6.9139,-47.8975,51.2295
6.9139,-47.8975,51.2295
6.9139,-47.8975,51.2295
6.9139,-47.8975,51.2295
