x,y,z
0,0,0
6.4974,-19.3256,-91.7966
6.4974,-19.3256,-91.7966
6.4974,-19.3256,-91.7966
6.4974,-19.3256,-91.7966
6.4974,-19.3256,-91.7966
6.4974,-19.3256,-91.7966
6.4974,-19.3256,-91.7966
6.4974,-19.3256,-91.7966
6.4974,-19.3256,-91.7966
4.7481,-18.7425,-88.0481
4.7481,-18.7425,-88.0481
4.7481,-18.7425,-88.0481
4.7481,-18.7425,-88.0481
4.7481,-18.7425,-88.0481
4.7481,-18.7425,-88.0481
4.7481,-18.7425,-88.0481
4.7481,-18.7425,-88.0481
4.7481,-18.7425,-88.0481
4.7481,-18.7425,-88.0481
4.7481,-18.7425,-88.0481
4.7481,-18.7425,-88.0481
4.7481,-18.7425,-88.0481
7.1638,-19.3256,-88.8811
7.1638,-19.3256,-88.8811
7.1638,-19.3256,-88.8811
7.1638,-19.3256,-88.8811
7.1638,-19.3256,-88.8811
7.1638,-19.3256,-88.8811
7.1638,-19.3256,-88.8811
7.1638,-19.3256,-88.8811
7.1638,-19.3256,-88.8811
7.1638,-19.3256,-88.8811
7.1638,-19.3256,-88.8811
7.7469,-15.4105,-91.2135
7.7469,-15.4105,-91.2135
7.7469,-15.4105,-91.2135
7.7469,-15.4105,-91.2135
7.7469,-15.4105,-91.2135
7.7469,-15.4105,-91.2135
7.7469,-15.4105,-91.2135
7.7469,-15.4105,-91.2135
7.7469,-15.4105,-91.2135
7.7469,-15.4105,-91.2135
7.7469,-15.4105,-91.2135
7.7469,-15.4105,-91.2135
6.2475,-15.1606,-89.964
6.2475,-15.1606,-89.964
6.2475,-15.1606,-89.964
6.2475,-15.1606,-89.964
6.2475,-15.1606,-89.964
6.2475,-15.1606,-89.964
6.2475,-15.1606,-89.964
6.2475,-15.1606,-89.964
6.2475,-15.1606,-89.964
6.2475,-15.1606,-89.964
6.2475,-15.1606,-89.964
6.2475,-15.1606,-89.964
6.2475,-15.1606,-89.964
6.9139,-17.3264,-89.2976
6.9139,-17.3264,-89.2976
6.9139,-17.3264,-89.2976
6.9139,-17.3264,-89.2976
6.9139,-17.3264,-89.2976
6.9139,-17.3264,-89.2976
6.9139,-17.3264,-89.2976
6.9139,-17.3264,-89.2976
6.9139,-17.3264,-89.2976
6.9139,-17.3264,-89.2976
6.9139,-17.3264,-89.2976
6.9139,-17.3264,-89.2976
6.9139,-17.3264,-89.2976
2.3324,-19.5755,-89.7141
2.3324,-19.5755,-89.7141
2.3324,-19.5755,-89.7141
2.3324,-19.5755,-89.7141
2.3324,-19.5755,-89.7141
2.3324,-19.5755,-89.7141
2.3324,-19.5755,-89.7141
2.3324,-19.5755,-89.7141
2.3324,-19.5755,-89.7141
2.3324,-19.5755,-89.7141
2.3324,-19.5755,-89.7141
2.3324,-19.5755,-89.7141
6.4974,-16.9099,-88.298
6.4974,-16.9099,-88.298
6.4974,-16.9099,-88.298
6.4974,-16.9099,-88.298
6.4974,-16.9099,-88.298
6.4974,-16.9099,-88.298
6.4974,-16.9099,-88.298
6.4974,-16.9099,-88.298
6.4974,-16.9099,-88.298
6.4974,-16.9099,-88.298
6.4974,-16.9099,-88.298
6.4974,-16.9099,-88.298
3.4986,-18.1594,-94.7121
3.4986,-18.1594,-94.7121
3.4986,-18.1594,-94.7121
3.4986,-18.1594,-94.7121
3.4986,-18.1594,-94.7121
3.4986,-18.1594,-94.7121
3.4986,-18.1594,-94.7121
3.4986,-18.1594,-94.7121
3.4986,-18.1594,-94.7121
3.4986,-18.1594,-94.7121
3.4986,-18.1594,-94.7121
3.4986,-18.1594,-94.7121
6.4974,-17.5763,-90.3805
6.4974,-17.5763,-90.3805
6.4974,-17.5763,-90.3805
6.4974,-17.5763,-90.3805
6.4974,-17.5763,-90.3805
6.4974,-17.5763,-90.3805
6.4974,-17.5763,-90.3805
6.4974,-17.5763,-90.3805
6.4974,-17.5763,-90.3805
6.4974,-17.5763,-90.3805
6.4974,-17.5763,-90.3805
6.4974,-17.5763,-90.3805
6.4974,-17.5763,-90.3805
8.163401,-17.7429,-91.7966
8.163401,-17.7429,-91.7966
8.163401,-17.7429,-91.7966
8.163401,-17.7429,-91.7966
8.163401,-17.7429,-91.7966
8.163401,-17.7429,-91.7966
8.163401,-17.7429,-91.7966
9.2463,-17.7429,-96.62801
9.2463,-17.7429,-96.62801
9.2463,-17.7429,-96.62801
9.2463,-17.7429,-96.62801
9.2463,-17.7429,-96.62801
9.2463,-17.7429,-96.62801
9.2463,-17.7429,-96.62801
9.2463,-17.7429,-96.62801
9.2463,-17.7429,-96.62801
9.2463,-17.7429,-96.62801
9.2463,-17.7429,-96.62801
9.2463,-17.7429,-96.62801
9.2463,-17.7429,-96.62801
9.2463,-17.7429,-96.62801
16.66,-50.2299,-101.3761
16.66,-50.2299,-101.3761
16.66,-50.2299,-101.3761
16.66,-50.2299,-101.3761
16.66,-50.2299,-101.3761
16.66,-50.2299,-101.3761
16.66,-50.2299,-101.3761
16.66,-50.2299,-101.3761
16.66,-50.2299,-101.3761
16.66,-50.2299,-101.3761
16.66,-50.2299,-101.3761
16.66,-50.2299,-101.3761
1.0829,-75.1366,32.6536
1.0829,-75.1366,32.6536
1.0829,-75.1366,32.6536
1.0829,-75.1366,32.6536
1.0829,-75.1366,32.6536
1.0829,-75.1366,32.6536
1.0829,-75.1366,32.6536
1.0829,-75.1366,32.6536
1.0829,-75.1366,32.6536
1.0829,-75.1366,32.6536
1.0829,-75.1366,32.6536
1.0829,-75.1366,32.6536
1.0829,-75.1366,32.6536
1.0829,-75.1366,32.6536
-6.7473,-51.646,49.147
-6.7473,-51.646,49.147
-6.7473,-51.646,49.147
-6.7473,-51.646,49.147
-6.7473,-51.646,49.147
-6.7473,-51.646,49.147
-6.7473,-51.646,49.147
-6.7473,-51.646,49.147
-6.7473,-51.646,49.147
-6.7473,-51.646,49.147
-6.7473,-51.646,49.147
-6.7473,-51.646,49.147
-6.7473,-51.646,49.147
-7.3304,-27.1558,53.1454
-7.3304,-27.1558,53.1454
-7.3304,-27.1558,53.1454
-7.3304,-27.1558,53.1454
-7.3304,-27.1558,53.1454
-7.3304,-27.1558,53.1454
-7.3304,-27.1558,53.1454
-7.3304,-27.1558,53.1454
-7.3304,-27.1558,53.1454
-7.3304,-27.1558,53.1454
-7.3304,-27.1558,53.1454
-7.3304,-27.1558,53.1454
-7.3304,-27.1558,53.1454
-0.4998,-13.4113,56.7273
-0.4998,-13.4113,56.7273
-0.4998,-13.4113,56.7273
-0.4998,-13.4113,56.7273
-0.4998,-13.4113,56.7273
-0.4998,-13.4113,56.7273
-0.4998,-13.4113,56.7273
-0.4998,-13.4113,56.7273
-0.4998,-13.4113,56.7273
-0.4998,-13.4113,56.7273
-0.4998,-13.4113,56.7273
-0.4998,-13.4113,56.7273
0.4998,-8.5799,58.1434
0.4998,-8.5799,58.1434
0.4998,-8.5799,58.1434
0.4998,-8.5799,58.1434
0.4998,-8.5799,58.1434
0.4998,-8.5799,58.1434
0.4998,-8.5799,58.1434
0.4998,-8.5799,58.1434
0.4998,-8.5799,58.1434
0.4998,-8.5799,58.1434
0.4998,-8.5799,58.1434
0.4998,-8.5799,58.1434
0.4998,-8.5799,58.1434
0.4998,-8.5799,58.1434
-0.0833,-10.9956,58.3933
-0.0833,-10.9956,58.3933
-0.0833,-10.9956,58.3933
-0.0833,-10.9956,58.3933
-0.0833,-10.9956,58.3933
-0.0833,-10.9956,58.3933
-0.0833,-10.9956,58.3933
-0.0833,-10.9956,58.3933
-0.0833,-10.9956,58.3933
-0.0833,-10.9956,58.3933
-0.0833,-10.9956,58.3933
-0.0833,-10.9956,58.3933
-0.0833,-10.9956,58.3933
1.3328,-11.2455,58.8098
1.3328,-11.2455,58.8098
1.3328,-11.2455,58.8098
1.3328,-11.2455,58.8098
1.3328,-11.2455,58.8098
1.3328,-11.2455,58.8098
1.3328,-11.2455,58.8098
1.3328,-11.2455,58.8098
1.3328,-11.2455,58.8098
1.3328,-11.2455,58.8098
1.3328,-11.2455,58.8098
1.3328,-11.2455,58.8098
1.3328,-11.2455,58.8098
1.7493,-11.9119,56.3108
1.7493,-11.9119,56.3108
1.7493,-11.9119,56.3108
1.7493,-11.9119,56.3108
1.7493,-11.9119,56.3108
1.7493,-11.9119,56.3108
1.7493,-11.9119,56.3108
1.7493,-11.9119,56.3108
1.7493,-11.9119,56.3108
1.7493,-11.9119,56.3108
1.7493,-11.9119,56.3108
1.7493,-11.9119,56.3108
1.7493,-12.9948,55.8943
1.7493,-12.9948,55.8943
1.7493,-12.9948,55.8943
1.7493,-12.9948,55.8943
1.7493,-12.9948,55.8943
1.7493,-12.9948,55.8943
1.7493,-12.9948,55.8943
1.7493,-12.9948,55.8943
1.7493,-12.9948,55.8943
1.7493,-12.9948,55.8943
1.7493,-12.9948,55.8943
1.7493,-12.9948,55.8943
1.7493,-12.9948,55.8943
1.7493,-12.9948,55.8943
1.0829,-11.9119,56.3108
1.0829,-11.9119,56.3108
1.0829,-11.9119,56.3108
1.0829,-11.9119,56.3108
1.0829,-11.9119,56.3108
1.0829,-11.9119,56.3108
1.0829,-11.9119,56.3108
1.0829,-11.9119,56.3108
1.0829,-11.9119,56.3108
1.0829,-11.9119,56.3108
1.0829,-11.9119,56.3108
1.0829,-11.9119,56.3108
-0.9163,-13.1614,54.3949
-0.9163,-13.1614,54.3949
-0.9163,-13.1614,54.3949
-0.9163,-13.1614,54.3949
-0.9163,-13.1614,54.3949
-0.9163,-13.1614,54.3949
-0.9163,-13.1614,54.3949
-0.9163,-13.1614,54.3949
-0.9163,-13.1614,54.3949
-0.9163,-13.1614,54.3949
-0.9163,-13.1614,54.3949
-0.9163,-13.1614,54.3949
-0.9163,-13.1614,54.3949
-0.9163,-13.1614,54.3949
3.332,-15.4105,55.6444
3.332,-15.4105,55.6444
3.332,-15.4105,55.6444
3.332,-15.4105,55.6444
3.332,-15.4105,55.6444
3.332,-15.4105,55.6444
3.332,-15.4105,55.6444
3.332,-15.4105,55.6444
3.332,-15.4105,55.6444
3.332,-15.4105,55.6444
3.332,-15.4105,55.6444
3.332,-15.4105,55.6444
1.9159,-15.4105,57.9768
1.9159,-15.4105,57.9768
1.9159,-15.4105,57.9768
1.9159,-15.4105,57.9768
1.9159,-15.4105,57.9768
1.9159,-15.4105,57.9768
1.9159,-15.4105,57.9768
1.9159,-15.4105,57.9768
1.9159,-15.4105,57.9768
1.9159,-15.4105,57.9768
1.9159,-15.4105,57.9768
1.9159,-15.4105,57.9768
1.9159,-15.4105,57.9768
-1.3328,-15.5771,55.2279
-1.3328,-15.5771,55.2279
-1.3328,-15.5771,55.2279
-1.3328,-15.5771,55.2279
-1.3328,-15.5771,55.2279
-1.3328,-15.5771,55.2279
-1.3328,-15.5771,55.2279
-1.3328,-15.5771,55.2279
-1.3328,-15.5771,55.2279
-1.3328,-15.5771,55.2279
-1.3328,-15.5771,55.2279
-1.3328,-15.5771,55.2279
0.9163,-17.1598,57.5603
0.9163,-17.1598,57.5603
0.9163,-17.1598,57.5603
0.9163,-17.1598,57.5603
0.9163,-17.1598,57.5603
0.9163,-17.1598,57.5603
0.9163,-17.1598,57.5603
0.9163,-17.1598,57.5603
0.9163,-17.1598,57.5603
0.9163,-17.1598,57.5603
0.9163,-17.1598,57.5603
0.9163,-17.1598,57.5603
0.9163,-17.1598,57.5603
0.9163,-17.1598,57.5603
1.0829,-19.159,57.5603
1.0829,-19.159,57.5603
1.0829,-19.159,57.5603
1.0829,-19.159,57.5603
1.0829,-19.159,57.5603
1.0829,-19.159,57.5603
1.0829,-19.159,57.5603
1.0829,-19.159,57.5603
1.0829,-19.159,57.5603
1.0829,-19.159,57.5603
1.0829,-19.159,57.5603
1.0829,-19.159,57.5603
-0.6664,-15.9936,55.8943
-0.6664,-15.9936,55.8943
-0.6664,-15.9936,55.8943
-0.6664,-15.9936,55.8943
-0.6664,-15.9936,55.8943
-0.6664,-15.9936,55.8943
-0.6664,-15.9936,55.8943
-0.6664,-15.9936,55.8943
-0.6664,-15.9936,55.8943
-0.6664,-15.9936,55.8943
-0.6664,-15.9936,55.8943
-0.6664,-15.9936,55.8943
-0.6664,-15.9936,55.8943
4.5815,-15.4105,55.8943
4.5815,-15.4105,55.8943
4.5815,-15.4105,55.8943
4.5815,-15.4105,55.8943
4.5815,-15.4105,55.8943
4.5815,-15.4105,55.8943
4.5815,-15.4105,55.8943
4.5815,-15.4105,55.8943
4.5815,-15.4105,55.8943
4.5815,-15.4105,55.8943
4.5815,-15.4105,55.8943
4.5815,-15.4105,55.8943
4.5815,-15.4105,55.8943
-0.6664,-17.7429,58.3933
-0.6664,-17.7429,58.3933
-0.6664,-17.7429,58.3933
-0.6664,-17.7429,58.3933
-0.6664,-17.7429,58.3933
-0.6664,-17.7429,58.3933
-0.6664,-17.7429,58.3933
-0.6664,-17.7429,58.3933
-0.6664,-17.7429,58.3933
-0.6664,-17.7429,58.3933
-0.6664,-17.7429,58.3933
-0.6664,-17.7429,58.3933
3.1654,-14.3276,56.4774
3.1654,-14.3276,56.4774
3.1654,-14.3276,56.4774
3.1654,-14.3276,56.4774
3.1654,-14.3276,56.4774
3.1654,-14.3276,56.4774
3.1654,-14.3276,56.4774
3.1654,-14.3276,56.4774
3.1654,-14.3276,56.4774
3.1654,-14.3276,56.4774
3.1654,-14.3276,56.4774
3.1654,-14.3276,56.4774
3.1654,-14.3276,56.4774
0.6664,-14.161,58.9764
0.6664,-14.161,58.9764
0.6664,-14.161,58.9764
0.6664,-14.161,58.9764
0.6664,-14.161,58.9764
0.6664,-14.161,58.9764
0.6664,-14.161,58.9764
0.6664,-14.161,58.9764
0.6664,-14.161,58.9764
0.6664,-14.161,58.9764
0.6664,-14.161,58.9764
0.6664,-14.161,58.9764
0.6664,-14.161,58.9764
-2.7489,-19.159,58.8098
-2.7489,-19.159,58.8098
-2.7489,-19.159,58.8098
-2.7489,-19.159,58.8098
-2.7489,-19.159,58.8098
-2.7489,-19.159,58.8098
-2.7489,-19.159,58.8098
-2.7489,-19.159,58.8098
-2.7489,-19.159,58.8098
-2.7489,-19.159,58.8098
-2.7489,-19.159,58.8098
-2.7489,-19.159,58.8098
1.9159,-16.4934,55.8943
1.9159,-16.4934,55.8943
1.9159,-16.4934,55.8943
1.9159,-16.4934,55.8943
1.9159,-16.4934,55.8943
1.9159,-16.4934,55.8943
1.9159,-16.4934,55.8943
1.9159,-16.4934,55.8943
1.9159,-16.4934,55.8943
1.9159,-16.4934,55.8943
1.9159,-16.4934,55.8943
1.9159,-16.4934,55.8943
1.9159,-16.4934,55.8943
1.9159,-16.4934,55.8943
0.6664,-17.1598,58.1434
0.6664,-17.1598,58.1434
0.6664,-17.1598,58.1434
0.6664,-17.1598,58.1434
0.6664,-17.1598,58.1434
0.6664,-17.1598,58.1434
0.6664,-17.1598,58.1434
0.6664,-17.1598,58.1434
0.6664,-17.1598,58.1434
0.6664,-17.1598,58.1434
0.6664,-17.1598,58.1434
0.6664,-17.1598,58.1434
0.6664,-17.1598,58.1434
0.9163,-19.7421,57.1438
0.9163,-19.7421,57.1438
0.9163,-19.7421,57.1438
0.9163,-19.7421,57.1438
0.9163,-19.7421,57.1438
0.9163,-19.7421,57.1438
0.9163,-19.7421,57.1438
0.9163,-19.7421,57.1438
0.9163,-19.7421,57.1438
0.9163,-19.7421,57.1438
0.9163,-19.7421,57.1438
0.9163,-19.7421,57.1438
0.9163,-19.7421,57.1438
-0.4998,-19.5755,57.5603
-0.4998,-19.5755,57.5603
-0.4998,-19.5755,57.5603
-0.4998,-19.5755,57.5603
-0.4998,-19.5755,57.5603
-0.4998,-19.5755,57.5603
-0.4998,-19.5755,57.5603
-0.4998,-19.5755,57.5603
-0.4998,-19.5755,57.5603
-0.4998,-19.5755,57.5603
-0.4998,-19.5755,57.5603
-0.4998,-19.5755,57.5603
-0.4998,-19.5755,57.5603
-0.4998,-19.5755,57.5603
5.9976,-19.7421,59.3929
5.9976,-19.7421,59.3929
5.9976,-19.7421,59.3929
5.9976,-19.7421,59.3929
5.9976,-19.7421,59.3929
5.9976,-19.7421,59.3929
5.9976,-19.7421,59.3929
5.9976,-19.7421,59.3929
5.9976,-19.7421,59.3929
5.9976,-19.7421,59.3929
5.9976,-19.7421,59.3929
5.9976,-19.7421,59.3929
3.1654,-19.3256,55.4778
3.1654,-19.3256,55.4778
3.1654,-19.3256,55.4778
3.1654,-19.3256,55.4778
3.1654,-19.3256,55.4778
3.1654,-19.3256,55.4778
3.1654,-19.3256,55.4778
3.1654,-19.3256,55.4778
3.1654,-19.3256,55.4778
3.1654,-19.3256,55.4778
3.1654,-19.3256,55.4778
3.1654,-19.3256,55.4778
3.1654,-19.3256,55.4778
2.1658,-18.9091,57.1438
2.1658,-18.9091,57.1438
2.1658,-18.9091,57.1438
2.1658,-18.9091,57.1438
2.1658,-18.9091,57.1438
2.1658,-18.9091,57.1438
2.1658,-18.9091,57.1438
2.1658,-18.9091,57.1438
2.1658,-18.9091,57.1438
2.1658,-18.9091,57.1438
2.1658,-18.9091,57.1438
2.1658,-18.9091,57.1438
2.1658,-18.9091,57.1438
-0.0833,-20.1586,57.7269
-0.0833,-20.1586,57.7269
-0.0833,-20.1586,57.7269
-0.0833,-20.1586,57.7269
-0.0833,-20.1586,57.7269
-0.0833,-20.1586,57.7269
-0.0833,-20.1586,57.7269
-0.0833,-20.1586,57.7269
-0.0833,-20.1586,57.7269
-0.0833,-20.1586,57.7269
-0.0833,-20.1586,57.7269
-0.0833,-20.1586,57.7269
-0.0833,-20.1586,57.7269
-0.0833,-20.1586,57.7269
-0.0833,-20.1586,57.7269
-0.2499,-21.4914,56.4774
-0.2499,-21.4914,56.4774
-0.2499,-21.4914,56.4774
-0.2499,-21.4914,56.4774
-0.2499,-21.4914,56.4774
-0.2499,-21.4914,56.4774
-0.2499,-21.4914,56.4774
-0.2499,-21.4914,56.4774
-0.2499,-21.4914,56.4774
-0.2499,-21.4914,56.4774
-0.2499,-21.4914,56.4774
1.9159,-19.159,57.9768
1.9159,-19.159,57.9768
1.9159,-19.159,57.9768
1.9159,-19.159,57.9768
1.9159,-19.159,57.9768
1.9159,-19.159,57.9768
1.9159,-19.159,57.9768
1.9159,-19.159,57.9768
1.9159,-19.159,57.9768
1.9159,-19.159,57.9768
1.9159,-19.159,57.9768
1.9159,-19.159,57.9768
1.9159,-19.159,57.9768
0.0833,-19.992,56.4774
0.0833,-19.992,56.4774
0.0833,-19.992,56.4774
0.0833,-19.992,56.4774
0.0833,-19.992,56.4774
0.0833,-19.992,56.4774
0.0833,-19.992,56.4774
0.0833,-19.992,56.4774
0.0833,-19.992,56.4774
0.0833,-19.992,56.4774
0.0833,-19.992,56.4774
0.0833,-19.992,56.4774
-2.7489,-26.4894,54.6448
-2.7489,-26.4894,54.6448
-2.7489,-26.4894,54.6448
-2.7489,-26.4894,54.6448
-2.7489,-26.4894,54.6448
-2.7489,-26.4894,54.6448
-2.7489,-26.4894,54.6448
-2.7489,-26.4894,54.6448
-2.7489,-26.4894,54.6448
-2.7489,-26.4894,54.6448
-2.7489,-26.4894,54.6448
-2.7489,-26.4894,54.6448
-2.7489,-26.4894,54.6448
-9.996,-33.7365,49.98
-9.996,-33.7365,49.98
-9.996,-33.7365,49.98
-9.996,-33.7365,49.98
-9.996,-33.7365,49.98
-9.996,-33.7365,49.98
-9.996,-33.7365,49.98
-9.996,-33.7365,49.98
-9.996,-33.7365,49.98
-9.996,-33.7365,49.98
-9.996,-33.7365,49.98
-9.996,-33.7365,49.98
-9.996,-33.7365,49.98
-8.9964,-43.8991,47.481
-8.9964,-43.8991,47.481
-8.9964,-43.8991,47.481
-8.9964,-43.8991,47.481
-8.9964,-43.8991,47.481
-8.9964,-43.8991,47.481
-8.9964,-43.8991,47.481
-8.9964,-43.8991,47.481
-8.9964,-43.8991,47.481
-8.9964,-43.8991,47.481
-8.9964,-43.8991,47.481
-8.9964,-43.8991,47.481
-8.9964,-43.8991,47.481
-7.7469,-48.9804,47.2311
-7.7469,-48.9804,47.2311
-7.7469,-48.9804,47.2311
-7.7469,-48.9804,47.2311
-7.7469,-48.9804,47.2311
-7.7469,-48.9804,47.2311
-7.7469,-48.9804,47.2311
-7.7469,-48.9804,47.2311
-7.7469,-48.9804,47.2311
-7.7469,-48.9804,47.2311
-7.7469,-48.9804,47.2311
-7.7469,-48.9804,47.2311
-7.7469,-48.9804,47.2311
-16.0769,-63.1414,33.0701
-16.0769,-63.1414,33.0701
-16.0769,-63.1414,33.0701
-16.0769,-63.1414,33.0701
-16.0769,-63.1414,33.0701
-16.0769,-63.1414,33.0701
-16.0769,-63.1414,33.0701
-16.0769,-63.1414,33.0701
-16.0769,-63.1414,33.0701
-16.0769,-63.1414,33.0701
-16.0769,-63.1414,33.0701
-16.0769,-63.1414,33.0701
-16.0769,-63.1414,33.0701
-16.0769,-63.1414,33.0701
-16.0769,-63.1414,33.0701
-23.324,-67.7229,-19.4089
-23.324,-67.7229,-19.4089
-23.324,-67.7229,-19.4089
-23.324,-67.7229,-19.4089
-23.324,-67.7229,-19.4089
-23.324,-67.7229,-19.4089
-23.324,-67.7229,-19.4089
-23.324,-67.7229,-19.4089
-23.324,-67.7229,-19.4089
-23.324,-67.7229,-19.4089
-23.324,-67.7229,-19.4089
-23.324,-67.7229,-19.4089
-28.1554,-36.0689,-58.1434
-28.1554,-36.0689,-58.1434
-28.1554,-36.0689,-58.1434
-28.1554,-36.0689,-58.1434
-28.1554,-36.0689,-58.1434
-28.1554,-36.0689,-58.1434
-28.1554,-36.0689,-58.1434
-28.1554,-36.0689,-58.1434
-28.1554,-36.0689,-58.1434
-28.1554,-36.0689,-58.1434
-28.1554,-36.0689,-58.1434
-28.1554,-36.0689,-58.1434
-28.1554,-36.0689,-58.1434
-31.4041,-26.9059,-66.8899
-31.4041,-26.9059,-66.8899
-31.4041,-26.9059,-66.8899
-31.4041,-26.9059,-66.8899
-31.4041,-26.9059,-66.8899
-31.4041,-26.9059,-66.8899
-31.4041,-26.9059,-66.8899
-31.4041,-26.9059,-66.8899
-31.4041,-26.9059,-66.8899
-31.4041,-26.9059,-66.8899
-31.4041,-26.9059,-66.8899
-31.4041,-26.9059,-66.8899
-31.4041,-26.9059,-66.8899
-27.9888,-64.3909,-57.3104
-27.9888,-64.3909,-57.3104
-27.9888,-64.3909,-57.3104
-27.9888,-64.3909,-57.3104
-27.9888,-64.3909,-57.3104
-27.9888,-64.3909,-57.3104
-27.9888,-64.3909,-57.3104
-27.9888,-64.3909,-57.3104
-27.9888,-64.3909,-57.3104
-27.9888,-64.3909,-57.3104
-27.9888,-64.3909,-57.3104
-15.2439,-50.8963,42.8995
-15.2439,-50.8963,42.8995
-15.2439,-50.8963,42.8995
-15.2439,-50.8963,42.8995
-15.2439,-50.8963,42.8995
-15.2439,-50.8963,42.8995
-15.2439,-50.8963,42.8995
-15.2439,-50.8963,42.8995
-15.2439,-50.8963,42.8995
-15.2439,-50.8963,42.8995
-15.2439,-50.8963,42.8995
-15.2439,-50.8963,42.8995
-15.2439,-50.8963,42.8995
-15.2439,-50.8963,42.8995
-11.8286,-29.7381,51.8126
-11.8286,-29.7381,51.8126
-11.8286,-29.7381,51.8126
-11.8286,-29.7381,51.8126
-11.8286,-29.7381,51.8126
-11.8286,-29.7381,51.8126
-11.8286,-29.7381,51.8126
-11.8286,-29.7381,51.8126
-11.8286,-29.7381,51.8126
-11.8286,-29.7381,51.8126
-11.8286,-29.7381,51.8126
-11.8286,-29.7381,51.8126
-11.8286,-29.7381,51.8126
-2.7489,-22.1578,56.8939
-2.7489,-22.1578,56.8939
-2.7489,-22.1578,56.8939
-2.7489,-22.1578,56.8939
-2.7489,-22.1578,56.8939
-2.7489,-22.1578,56.8939
-2.7489,-22.1578,56.8939
-2.7489,-22.1578,56.8939
-2.7489,-22.1578,56.8939
-2.7489,-22.1578,56.8939
-2.7489,-22.1578,56.8939
-2.7489,-22.1578,56.8939
-2.7489,-22.1578,56.8939
-6.7473,-22.1578,53.8118
-6.7473,-22.1578,53.8118
-6.7473,-22.1578,53.8118
-6.7473,-22.1578,53.8118
-6.7473,-22.1578,53.8118
-6.7473,-22.1578,53.8118
-6.7473,-22.1578,53.8118
-6.7473,-22.1578,53.8118
-6.7473,-22.1578,53.8118
-6.7473,-22.1578,53.8118
-6.7473,-22.1578,53.8118
-6.7473,-22.1578,53.8118
-6.7473,-22.1578,53.8118
-13.9944,-33.32,49.98
-13.9944,-33.32,49.98
-13.9944,-33.32,49.98
-13.9944,-33.32,49.98
-13.9944,-33.32,49.98
-13.9944,-33.32,49.98
-13.9944,-33.32,49.98
-13.9944,-33.32,49.98
-13.9944,-33.32,49.98
-13.9944,-33.32,49.98
-13.9944,-33.32,49.98
-13.9944,-33.32,49.98
-13.9944,-33.32,49.98
-17.493,-47.8975,43.8991
-17.493,-47.8975,43.8991
-17.493,-47.8975,43.8991
-17.493,-47.8975,43.8991
-17.493,-47.8975,43.8991
-17.493,-47.8975,43.8991
-17.493,-47.8975,43.8991
-17.493,-47.8975,43.8991
-17.493,-47.8975,43.8991
-17.493,-47.8975,43.8991
-17.493,-47.8975,43.8991
-17.493,-47.8975,43.8991
-19.4089,-73.9704,24.4069
-19.4089,-73.9704,24.4069
-19.4089,-73.9704,24.4069
-19.4089,-73.9704,24.4069
-19.4089,-73.9704,24.4069
-19.4089,-73.9704,24.4069
-19.4089,-73.9704,24.4069
-19.4089,-73.9704,24.4069
-19.4089,-73.9704,24.4069
-19.4089,-73.9704,24.4069
-19.4089,-73.9704,24.4069
-19.4089,-73.9704,24.4069
-19.4089,-73.9704,24.4069
-19.4089,-73.9704,24.4069
-33.1534,-68.8058,-29.155
-33.1534,-68.8058,-29.155
-33.1534,-68.8058,-29.155
-33.1534,-68.8058,-29.155
-33.1534,-68.8058,-29.155
-33.1534,-68.8058,-29.155
-33.1534,-68.8058,-29.155
-33.1534,-68.8058,-29.155
-33.1534,-68.8058,-29.155
-33.1534,-68.8058,-29.155
-33.1534,-68.8058,-29.155
-33.1534,-68.8058,-29.155
-33.1534,-68.8058,-29.155
-43.4826,-47.6476,-44.7321
-43.4826,-47.6476,-44.7321
-43.4826,-47.6476,-44.7321
-43.4826,-47.6476,-44.7321
-43.4826,-47.6476,-44.7321
-43.4826,-47.6476,-44.7321
-43.4826,-47.6476,-44.7321
-43.4826,-47.6476,-44.7321
-43.4826,-47.6476,-44.7321
-43.4826,-47.6476,-44.7321
-43.4826,-47.6476,-44.7321
-43.4826,-47.6476,-44.7321
-7.7469,-56.8106,39.7341
-7.7469,-56.8106,39.7341
-7.7469,-56.8106,39.7341
-7.7469,-56.8106,39.7341
-7.7469,-56.8106,39.7341
-7.7469,-56.8106,39.7341
-7.7469,-56.8106,39.7341
-7.7469,-56.8106,39.7341
-7.7469,-56.8106,39.7341
-7.7469,-56.8106,39.7341
-7.7469,-56.8106,39.7341
-7.7469,-56.8106,39.7341
-7.7469,-56.8106,39.7341
-9.2463,-32.6536,50.1466
-9.2463,-32.6536,50.1466
-9.2463,-32.6536,50.1466
-9.2463,-32.6536,50.1466
-9.2463,-32.6536,50.1466
-9.2463,-32.6536,50.1466
-9.2463,-32.6536,50.1466
-9.2463,-32.6536,50.1466
-9.2463,-32.6536,50.1466
-9.2463,-32.6536,50.1466
-9.2463,-32.6536,50.1466
-9.2463,-32.6536,50.1466
-9.2463,-32.6536,50.1466
-9.2463,-32.6536,50.1466
-3.332,-22.5743,55.8943
-3.332,-22.5743,55.8943
-3.332,-22.5743,55.8943
-3.332,-22.5743,55.8943
-3.332,-22.5743,55.8943
-3.332,-22.5743,55.8943
-3.332,-22.5743,55.8943
-3.332,-22.5743,55.8943
-3.332,-22.5743,55.8943
-8.413301,-29.155,53.0621
-8.413301,-29.155,53.0621
-8.413301,-29.155,53.0621
-8.413301,-29.155,53.0621
-8.413301,-29.155,53.0621
-8.413301,-29.155,53.0621
-8.413301,-29.155,53.0621
-8.413301,-29.155,53.0621
-8.413301,-29.155,53.0621
-8.413301,-29.155,53.0621
-17.0765,-43.4826,48.7305
-17.0765,-43.4826,48.7305
-17.0765,-43.4826,48.7305
-17.0765,-43.4826,48.7305
-17.0765,-43.4826,48.7305
-17.0765,-43.4826,48.7305
-17.0765,-43.4826,48.7305
-17.0765,-43.4826,48.7305
-17.0765,-43.4826,48.7305
-17.0765,-43.4826,48.7305
-17.0765,-43.4826,48.7305
-17.0765,-43.4826,48.7305
-16.66,-59.2263,36.8186
-16.66,-59.2263,36.8186
-16.66,-59.2263,36.8186
-16.66,-59.2263,36.8186
-16.66,-59.2263,36.8186
-16.66,-59.2263,36.8186
-16.66,-59.2263,36.8186
-16.66,-59.2263,36.8186
-16.66,-59.2263,36.8186
-16.66,-59.2263,36.8186
-16.66,-59.2263,36.8186
-16.66,-59.2263,36.8186
-16.66,-59.2263,36.8186
-16.66,-59.2263,36.8186
-14.6608,-87.2984,12.1618
-14.6608,-87.2984,12.1618
-14.6608,-87.2984,12.1618
-14.6608,-87.2984,12.1618
-14.6608,-87.2984,12.1618
-14.6608,-87.2984,12.1618
-14.6608,-87.2984,12.1618
-14.6608,-87.2984,12.1618
-14.6608,-87.2984,12.1618
-14.6608,-87.2984,12.1618
-14.6608,-87.2984,12.1618
-14.6608,-87.2984,12.1618
-14.6608,-87.2984,12.1618
-26.9059,-68.8058,-79.2183
-26.9059,-68.8058,-79.2183
-26.9059,-68.8058,-79.2183
-26.9059,-68.8058,-79.2183
-26.9059,-68.8058,-79.2183
-26.9059,-68.8058,-79.2183
-26.9059,-68.8058,-79.2183
-26.9059,-68.8058,-79.2183
-26.9059,-68.8058,-79.2183
-26.9059,-68.8058,-79.2183
-26.9059,-68.8058,-79.2183
-26.9059,-68.8058,-79.2183
-19.6588,-93.29601,-23.9904
-19.6588,-93.29601,-23.9904
-19.6588,-93.29601,-23.9904
-19.6588,-93.29601,-23.9904
-19.6588,-93.29601,-23.9904
-19.6588,-93.29601,-23.9904
-19.6588,-93.29601,-23.9904
-19.6588,-93.29601,-23.9904
-19.6588,-93.29601,-23.9904
-19.6588,-93.29601,-23.9904
-19.6588,-93.29601,-23.9904
-19.6588,-93.29601,-23.9904
-19.6588,-93.29601,-23.9904
-8.829801,-43.7325,49.147
-8.829801,-43.7325,49.147
-8.829801,-43.7325,49.147
-8.829801,-43.7325,49.147
-8.829801,-43.7325,49.147
-8.829801,-43.7325,49.147
-8.829801,-43.7325,49.147
-8.829801,-43.7325,49.147
-8.829801,-43.7325,49.147
-8.829801,-43.7325,49.147
-8.829801,-43.7325,49.147
-8.829801,-43.7325,49.147
-8.829801,-43.7325,49.147
-8.829801,-43.7325,49.147
2.3324,-15.1606,58.9764
2.3324,-15.1606,58.9764
2.3324,-15.1606,58.9764
2.3324,-15.1606,58.9764
2.3324,-15.1606,58.9764
2.3324,-15.1606,58.9764
2.3324,-15.1606,58.9764
2.3324,-15.1606,58.9764
2.3324,-15.1606,58.9764
2.3324,-15.1606,58.9764
2.3324,-15.1606,58.9764
2.3324,-15.1606,58.9764
2.3324,-15.1606,58.9764
1.3328,-12.1618,56.7273
1.3328,-12.1618,56.7273
1.3328,-12.1618,56.7273
1.3328,-12.1618,56.7273
1.3328,-12.1618,56.7273
1.3328,-12.1618,56.7273
1.3328,-12.1618,56.7273
1.3328,-12.1618,56.7273
1.3328,-12.1618,56.7273
1.3328,-12.1618,56.7273
1.3328,-12.1618,56.7273
1.3328,-12.1618,56.7273
1.3328,-12.1618,56.7273
-4.3316,-15.9936,54.8114
-4.3316,-15.9936,54.8114
-4.3316,-15.9936,54.8114
-4.3316,-15.9936,54.8114
-4.3316,-15.9936,54.8114
-4.3316,-15.9936,54.8114
-4.3316,-15.9936,54.8114
-4.3316,-15.9936,54.8114
-4.3316,-15.9936,54.8114
-4.3316,-15.9936,54.8114
-4.3316,-15.9936,54.8114
-4.3316,-15.9936,54.8114
-4.3316,-15.9936,54.8114
-10.829,-25.1566,55.8943
-10.829,-25.1566,55.8943
-10.829,-25.1566,55.8943
-10.829,-25.1566,55.8943
-10.829,-25.1566,55.8943
-10.829,-25.1566,55.8943
-10.829,-25.1566,55.8943
-10.829,-25.1566,55.8943
-10.829,-25.1566,55.8943
-10.829,-25.1566,55.8943
-10.829,-25.1566,55.8943
-10.829,-25.1566,55.8943
-10.829,-25.1566,55.8943
-15.2439,-39.6508,49.98
-15.2439,-39.6508,49.98
-15.2439,-39.6508,49.98
-15.2439,-39.6508,49.98
-15.2439,-39.6508,49.98
-15.2439,-39.6508,49.98
-15.2439,-39.6508,49.98
-15.2439,-39.6508,49.98
-15.2439,-39.6508,49.98
-15.2439,-39.6508,49.98
-15.2439,-39.6508,49.98
-15.2439,-39.6508,49.98
-15.2439,-39.6508,49.98
-13.4113,-54.3949,40.5671
-13.4113,-54.3949,40.5671
-13.4113,-54.3949,40.5671
-13.4113,-54.3949,40.5671
-13.4113,-54.3949,40.5671
-13.4113,-54.3949,40.5671
-13.4113,-54.3949,40.5671
-13.4113,-54.3949,40.5671
-13.4113,-54.3949,40.5671
-13.4113,-54.3949,40.5671
-13.4113,-54.3949,40.5671
-13.4113,-54.3949,40.5671
-13.4113,-54.3949,40.5671
-10.9956,-69.972,36.2355
-10.9956,-69.972,36.2355
-10.9956,-69.972,36.2355
-10.9956,-69.972,36.2355
-10.9956,-69.972,36.2355
-10.9956,-69.972,36.2355
-10.9956,-69.972,36.2355
-10.9956,-69.972,36.2355
-10.9956,-69.972,36.2355
-10.9956,-69.972,36.2355
-10.9956,-69.972,36.2355
-10.9956,-69.972,36.2355
-16.2435,-119.2023,-39.151
-16.2435,-119.2023,-39.151
-16.2435,-119.2023,-39.151
-16.2435,-119.2023,-39.151
-16.2435,-119.2023,-39.151
-16.2435,-119.2023,-39.151
-16.2435,-119.2023,-39.151
-16.2435,-119.2023,-39.151
-16.2435,-119.2023,-39.151
-16.2435,-119.2023,-39.151
-16.2435,-119.2023,-39.151
-16.2435,-119.2023,-39.151
-32.3204,-75.803,-149.2736
-32.3204,-75.803,-149.2736
-32.3204,-75.803,-149.2736
-32.3204,-75.803,-149.2736
-32.3204,-75.803,-149.2736
-32.3204,-75.803,-149.2736
-32.3204,-75.803,-149.2736
-32.3204,-75.803,-149.2736
-32.3204,-75.803,-149.2736
-32.3204,-75.803,-149.2736
-32.3204,-75.803,-149.2736
-32.3204,-75.803,-149.2736
-32.3204,-75.803,-149.2736
-32.3204,-75.803,-149.2736
-9.6628,-74.2203,36.652
-9.6628,-74.2203,36.652
-9.6628,-74.2203,36.652
-9.6628,-74.2203,36.652
-9.6628,-74.2203,36.652
-9.6628,-74.2203,36.652
-9.6628,-74.2203,36.652
-9.6628,-74.2203,36.652
-9.6628,-74.2203,36.652
-9.6628,-74.2203,36.652
-9.6628,-74.2203,36.652
-9.6628,-74.2203,36.652
-9.6628,-74.2203,36.652
-11.4121,-28.322,52.479
-11.4121,-28.322,52.479
-11.4121,-28.322,52.479
-11.4121,-28.322,52.479
-11.4121,-28.322,52.479
-11.4121,-28.322,52.479
-11.4121,-28.322,52.479
-11.4121,-28.322,52.479
-11.4121,-28.322,52.479
-11.4121,-28.322,52.479
-11.4121,-28.322,52.479
-11.4121,-28.322,52.479
-11.4121,-28.322,52.479
0.9163,-12.5783,54.8114
0.9163,-12.5783,54.8114
0.9163,-12.5783,54.8114
0.9163,-12.5783,54.8114
0.9163,-12.5783,54.8114
0.9163,-12.5783,54.8114
0.9163,-12.5783,54.8114
0.9163,-12.5783,54.8114
0.9163,-12.5783,54.8114
0.9163,-12.5783,54.8114
0.9163,-12.5783,54.8114
0.9163,-12.5783,54.8114
-0.6664,-15.4105,58.3933
-0.6664,-15.4105,58.3933
-0.6664,-15.4105,58.3933
-0.6664,-15.4105,58.3933
-0.6664,-15.4105,58.3933
-0.6664,-15.4105,58.3933
-0.6664,-15.4105,58.3933
-0.6664,-15.4105,58.3933
-0.6664,-15.4105,58.3933
-0.6664,-15.4105,58.3933
-0.6664,-15.4105,58.3933
-0.6664,-15.4105,58.3933
-0.6664,-15.4105,58.3933
0.9163,-19.7421,56.3108
0.9163,-19.7421,56.3108
0.9163,-19.7421,56.3108
0.9163,-19.7421,56.3108
0.9163,-19.7421,56.3108
0.9163,-19.7421,56.3108
0.9163,-19.7421,56.3108
0.9163,-19.7421,56.3108
0.9163,-19.7421,56.3108
0.9163,-19.7421,56.3108
0.9163,-19.7421,56.3108
0.9163,-19.7421,56.3108
0.9163,-19.7421,56.3108
0.2499,-19.3256,57.9768
0.2499,-19.3256,57.9768
0.2499,-19.3256,57.9768
0.2499,-19.3256,57.9768
0.2499,-19.3256,57.9768
0.2499,-19.3256,57.9768
0.2499,-19.3256,57.9768
0.2499,-19.3256,57.9768
0.2499,-19.3256,57.9768
0.2499,-19.3256,57.9768
0.2499,-19.3256,57.9768
0.2499,-19.3256,57.9768
0.2499,-19.3256,57.9768
0.2499,-19.3256,57.9768
1.7493,-17.9928,60.2259
1.7493,-17.9928,60.2259
1.7493,-17.9928,60.2259
1.7493,-17.9928,60.2259
1.7493,-17.9928,60.2259
1.7493,-17.9928,60.2259
1.7493,-17.9928,60.2259
1.7493,-17.9928,60.2259
1.7493,-17.9928,60.2259
1.7493,-17.9928,60.2259
1.7493,-17.9928,60.2259
1.7493,-17.9928,60.2259
-0.2499,-17.5763,59.6428
-0.2499,-17.5763,59.6428
-0.2499,-17.5763,59.6428
-0.2499,-17.5763,59.6428
-0.2499,-17.5763,59.6428
-0.2499,-17.5763,59.6428
-0.2499,-17.5763,59.6428
-0.2499,-17.5763,59.6428
-0.2499,-17.5763,59.6428
-0.2499,-17.5763,59.6428
-0.2499,-17.5763,59.6428
-0.2499,-17.5763,59.6428
-0.2499,-17.5763,59.6428
2.7489,-22.5743,56.0609
2.7489,-22.5743,56.0609
2.7489,-22.5743,56.0609
2.7489,-22.5743,56.0609
2.7489,-22.5743,56.0609
2.7489,-22.5743,56.0609
2.7489,-22.5743,56.0609
2.7489,-22.5743,56.0609
2.7489,-22.5743,56.0609
2.7489,-22.5743,56.0609
2.7489,-22.5743,56.0609
2.7489,-22.5743,56.0609
-0.0833,-20.4085,57.9768
-0.0833,-20.4085,57.9768
-0.0833,-20.4085,57.9768
-0.0833,-20.4085,57.9768
-0.0833,-20.4085,57.9768
-0.0833,-20.4085,57.9768
-0.0833,-20.4085,57.9768
-0.0833,-20.4085,57.9768
-0.0833,-20.4085,57.9768
-0.0833,-20.4085,57.9768
-0.0833,-20.4085,57.9768
-0.0833,-20.4085,57.9768
-0.0833,-20.4085,57.9768
-0.0833,-20.4085,57.9768
4.998,-21.4914,58.8098
4.998,-21.4914,58.8098
4.998,-21.4914,58.8098
4.998,-21.4914,58.8098
4.998,-21.4914,58.8098
4.998,-21.4914,58.8098
4.998,-21.4914,58.8098
4.998,-21.4914,58.8098
4.998,-21.4914,58.8098
4.998,-21.4914,58.8098
4.998,-21.4914,58.8098
4.998,-21.4914,58.8098
4.998,-21.4914,58.8098
2.3324,-22.3244,58.5599
2.3324,-22.3244,58.5599
2.3324,-22.3244,58.5599
2.3324,-22.3244,58.5599
2.3324,-22.3244,58.5599
2.3324,-22.3244,58.5599
2.3324,-22.3244,58.5599
2.3324,-22.3244,58.5599
2.3324,-22.3244,58.5599
2.3324,-22.3244,58.5599
2.3324,-22.3244,58.5599
2.3324,-22.3244,58.5599
2.3324,-22.3244,58.5599
4.5815,-22.5743,58.9764
4.5815,-22.5743,58.9764
4.5815,-22.5743,58.9764
4.5815,-22.5743,58.9764
4.5815,-22.5743,58.9764
4.5815,-22.5743,58.9764
4.5815,-22.5743,58.9764
4.5815,-22.5743,58.9764
4.5815,-22.5743,58.9764
4.5815,-22.5743,58.9764
4.5815,-22.5743,58.9764
4.5815,-22.5743,58.9764
4.5815,-22.5743,58.9764
0,-24.157,58.8098
0,-24.157,58.8098
0,-24.157,58.8098
0,-24.157,58.8098
0,-24.157,58.8098
0,-24.157,58.8098
0,-24.157,58.8098
0,-24.157,58.8098
0,-24.157,58.8098
0,-24.157,58.8098
0,-24.157,58.8098
0,-24.157,58.8098
0,-24.157,58.8098
5.5811,-25.6564,59.8094
5.5811,-25.6564,59.8094
5.5811,-25.6564,59.8094
5.5811,-25.6564,59.8094
5.5811,-25.6564,59.8094
5.5811,-25.6564,59.8094
5.5811,-25.6564,59.8094
5.5811,-25.6564,59.8094
5.5811,-25.6564,59.8094
5.5811,-25.6564,59.8094
5.5811,-25.6564,59.8094
5.5811,-25.6564,59.8094
5.5811,-25.6564,59.8094
1.4994,-23.9071,58.9764
1.4994,-23.9071,58.9764
1.4994,-23.9071,58.9764
1.4994,-23.9071,58.9764
1.4994,-23.9071,58.9764
1.4994,-23.9071,58.9764
1.4994,-23.9071,58.9764
1.4994,-23.9071,58.9764
1.4994,-23.9071,58.9764
1.4994,-23.9071,58.9764
1.4994,-23.9071,58.9764
1.4994,-23.9071,58.9764
1.4994,-23.9071,58.9764
0.0833,-22.3244,57.1438
0.0833,-22.3244,57.1438
0.0833,-22.3244,57.1438
0.0833,-22.3244,57.1438
0.0833,-22.3244,57.1438
0.0833,-22.3244,57.1438
0.0833,-22.3244,57.1438
0.0833,-22.3244,57.1438
0.0833,-22.3244,57.1438
0.0833,-22.3244,57.1438
0.0833,-22.3244,57.1438
0.0833,-22.3244,57.1438
0.0833,-22.3244,57.1438
-0.0833,-23.4906,57.7269
-0.0833,-23.4906,57.7269
-0.0833,-23.4906,57.7269
-0.0833,-23.4906,57.7269
-0.0833,-23.4906,57.7269
-0.0833,-23.4906,57.7269
-0.0833,-23.4906,57.7269
-0.0833,-23.4906,57.7269
-0.0833,-23.4906,57.7269
-0.0833,-23.4906,57.7269
-0.0833,-23.4906,57.7269
-0.0833,-23.4906,57.7269
0.4998,-26.0729,57.7269
0.4998,-26.0729,57.7269
0.4998,-26.0729,57.7269
0.4998,-26.0729,57.7269
0.4998,-26.0729,57.7269
0.4998,-26.0729,57.7269
0.4998,-26.0729,57.7269
0.4998,-26.0729,57.7269
0.4998,-26.0729,57.7269
0.4998,-26.0729,57.7269
0.4998,-26.0729,57.7269
0.4998,-26.0729,57.7269
0.4998,-26.0729,57.7269
0.6664,-26.7393,59.6428
0.6664,-26.7393,59.6428
0.6664,-26.7393,59.6428
0.6664,-26.7393,59.6428
0.6664,-26.7393,59.6428
0.6664,-26.7393,59.6428
0.6664,-26.7393,59.6428
0.6664,-26.7393,59.6428
0.6664,-26.7393,59.6428
0.6664,-26.7393,59.6428
0.6664,-26.7393,59.6428
0.6664,-26.7393,59.6428
0.6664,-26.7393,59.6428
0.6664,-26.7393,59.6428
-0.2499,-25.9063,56.3108
-0.2499,-25.9063,56.3108
-0.2499,-25.9063,56.3108
-0.2499,-25.9063,56.3108
-0.2499,-25.9063,56.3108
-0.2499,-25.9063,56.3108
-0.2499,-25.9063,56.3108
-0.2499,-25.9063,56.3108
-0.2499,-25.9063,56.3108
-0.2499,-25.9063,56.3108
-0.2499,-25.9063,56.3108
-0.2499,-25.9063,56.3108
3.7485,-26.9059,57.7269
3.7485,-26.9059,57.7269
3.7485,-26.9059,57.7269
3.7485,-26.9059,57.7269
3.7485,-26.9059,57.7269
3.7485,-26.9059,57.7269
3.7485,-26.9059,57.7269
3.7485,-26.9059,57.7269
3.7485,-26.9059,57.7269
3.7485,-26.9059,57.7269
3.7485,-26.9059,57.7269
3.7485,-26.9059,57.7269
3.7485,-26.9059,57.7269
3.7485,-26.9059,57.7269
1.7493,-24.3236,57.3104
1.7493,-24.3236,57.3104
1.7493,-24.3236,57.3104
1.7493,-24.3236,57.3104
1.7493,-24.3236,57.3104
1.7493,-24.3236,57.3104
1.7493,-24.3236,57.3104
1.7493,-24.3236,57.3104
1.7493,-24.3236,57.3104
1.7493,-24.3236,57.3104
1.7493,-24.3236,57.3104
1.7493,-24.3236,57.3104
1.7493,-24.3236,57.3104
-0.0833,-27.5723,56.8939
-0.0833,-27.5723,56.8939
-0.0833,-27.5723,56.8939
-0.0833,-27.5723,56.8939
-0.0833,-27.5723,56.8939
-0.0833,-27.5723,56.8939
-0.0833,-27.5723,56.8939
-0.0833,-27.5723,56.8939
-0.0833,-27.5723,56.8939
-0.0833,-27.5723,56.8939
-0.0833,-27.5723,56.8939
-0.0833,-27.5723,56.8939
1.4994,-25.9063,60.0593
1.4994,-25.9063,60.0593
1.4994,-25.9063,60.0593
1.4994,-25.9063,60.0593
1.4994,-25.9063,60.0593
1.4994,-25.9063,60.0593
1.4994,-25.9063,60.0593
1.4994,-25.9063,60.0593
1.4994,-25.9063,60.0593
1.4994,-25.9063,60.0593
1.4994,-25.9063,60.0593
1.4994,-25.9063,60.0593
0.0833,-26.3228,55.6444
0.0833,-26.3228,55.6444
0.0833,-26.3228,55.6444
0.0833,-26.3228,55.6444
0.0833,-26.3228,55.6444
0.0833,-26.3228,55.6444
0.0833,-26.3228,55.6444
0.0833,-26.3228,55.6444
0.0833,-26.3228,55.6444
0.0833,-26.3228,55.6444
0.0833,-26.3228,55.6444
0.0833,-26.3228,55.6444
0.0833,-26.3228,55.6444
0.0833,-26.3228,55.6444
-0.4998,-26.3228,53.0621
-0.4998,-26.3228,53.0621
-0.4998,-26.3228,53.0621
-0.4998,-26.3228,53.0621
-0.4998,-26.3228,53.0621
-0.4998,-26.3228,53.0621
-0.4998,-26.3228,53.0621
-0.4998,-26.3228,53.0621
-0.4998,-26.3228,53.0621
-0.4998,-26.3228,53.0621
-0.4998,-26.3228,53.0621
-0.4998,-26.3228,53.0621
0.9163,-26.3228,59.2263
0.9163,-26.3228,59.2263
0.9163,-26.3228,59.2263
0.9163,-26.3228,59.2263
0.9163,-26.3228,59.2263
0.9163,-26.3228,59.2263
0.9163,-26.3228,59.2263
0.9163,-26.3228,59.2263
0.9163,-26.3228,59.2263
0.9163,-26.3228,59.2263
0.9163,-26.3228,59.2263
0.9163,-26.3228,59.2263
0.9163,-26.3228,59.2263
1.4994,-26.4894,57.7269
1.4994,-26.4894,57.7269
1.4994,-26.4894,57.7269
1.4994,-26.4894,57.7269
1.4994,-26.4894,57.7269
1.4994,-26.4894,57.7269
1.4994,-26.4894,57.7269
1.4994,-26.4894,57.7269
1.4994,-26.4894,57.7269
1.4994,-26.4894,57.7269
1.4994,-26.4894,57.7269
1.4994,-26.4894,57.7269
1.4994,-26.4894,57.7269
-1.3328,-27.3224,58.8098
-1.3328,-27.3224,58.8098
-1.3328,-27.3224,58.8098
-1.3328,-27.3224,58.8098
-1.3328,-27.3224,58.8098
-1.3328,-27.3224,58.8098
-1.3328,-27.3224,58.8098
-1.3328,-27.3224,58.8098
-1.3328,-27.3224,58.8098
-1.3328,-27.3224,58.8098
-1.3328,-27.3224,58.8098
-1.3328,-27.3224,58.8098
-1.3328,-27.3224,58.8098
-0.2499,-28.0721,56.3108
-0.2499,-28.0721,56.3108
-0.2499,-28.0721,56.3108
-0.2499,-28.0721,56.3108
-0.2499,-28.0721,56.3108
-0.2499,-28.0721,56.3108
-0.2499,-28.0721,56.3108
-0.2499,-28.0721,56.3108
-0.2499,-28.0721,56.3108
-0.2499,-28.0721,56.3108
-0.2499,-28.0721,56.3108
-0.2499,-28.0721,56.3108
-0.2499,-28.0721,56.3108
2.5823,-22.5743,56.4774
2.5823,-22.5743,56.4774
2.5823,-22.5743,56.4774
2.5823,-22.5743,56.4774
2.5823,-22.5743,56.4774
2.5823,-22.5743,56.4774
2.5823,-22.5743,56.4774
2.5823,-22.5743,56.4774
2.5823,-22.5743,56.4774
2.5823,-22.5743,56.4774
2.5823,-22.5743,56.4774
2.5823,-22.5743,56.4774
2.5823,-22.5743,56.4774
-0.9163,-27.1558,58.5599
-0.9163,-27.1558,58.5599
-0.9163,-27.1558,58.5599
-0.9163,-27.1558,58.5599
-0.9163,-27.1558,58.5599
-0.9163,-27.1558,58.5599
-0.9163,-27.1558,58.5599
-0.9163,-27.1558,58.5599
-0.9163,-27.1558,58.5599
-0.9163,-27.1558,58.5599
-0.9163,-27.1558,58.5599
-0.9163,-27.1558,58.5599
-0.9163,-27.1558,58.5599
0.6664,-27.5723,57.1438
0.6664,-27.5723,57.1438
0.6664,-27.5723,57.1438
0.6664,-27.5723,57.1438
0.6664,-27.5723,57.1438
0.6664,-27.5723,57.1438
0.6664,-27.5723,57.1438
0.6664,-27.5723,57.1438
0.6664,-27.5723,57.1438
0.6664,-27.5723,57.1438
0.6664,-27.5723,57.1438
0.6664,-27.5723,57.1438
0.0833,-25.9063,58.8098
0.0833,-25.9063,58.8098
0.0833,-25.9063,58.8098
0.0833,-25.9063,58.8098
0.0833,-25.9063,58.8098
0.0833,-25.9063,58.8098
0.0833,-25.9063,58.8098
0.0833,-25.9063,58.8098
0.0833,-25.9063,58.8098
0.0833,-25.9063,58.8098
0.0833,-25.9063,58.8098
0.0833,-25.9063,58.8098
-0.4998,-29.7381,57.5603
-0.4998,-29.7381,57.5603
-0.4998,-29.7381,57.5603
-0.4998,-29.7381,57.5603
-0.4998,-29.7381,57.5603
-0.4998,-29.7381,57.5603
-0.4998,-29.7381,57.5603
-0.4998,-29.7381,57.5603
-0.4998,-29.7381,57.5603
-0.4998,-29.7381,57.5603
-0.4998,-29.7381,57.5603
-0.4998,-29.7381,57.5603
-0.4998,-29.7381,57.5603
-0.4998,-29.7381,57.5603
-0.2499,-27.5723,58.9764
-1.9159,-28.0721,57.1438
-1.9159,-28.0721,57.1438
