x,y,z
0,0,0
5.5811,-47.6476,50.813
5.5811,-47.6476,50.813
5.5811,-47.6476,50.813
5.5811,-47.6476,50.813
5.5811,-47.6476,50.813
5.5811,-47.6476,50.813
5.5811,-47.6476,50.813
5.5811,-47.6476,50.813
5.5811,-47.6476,50.813
5.5811,-47.6476,50.813
5.5811,-47.6476,50.813
5.5811,-47.6476,50.813
5.5811,-47.2311,50.9796
5.5811,-47.2311,50.9796
5.5811,-47.2311,50.9796
5.5811,-47.2311,50.9796
5.5811,-47.2311,50.9796
5.5811,-47.2311,50.9796
5.5811,-47.2311,50.9796
5.5811,-47.2311,50.9796
5.5811,-47.2311,50.9796
5.5811,-47.2311,50.9796
5.5811,-47.2311,50.9796
4.998,-47.6476,51.8126
4.998,-47.6476,51.8126
4.998,-47.6476,51.8126
4.998,-47.6476,51.8126
4.998,-47.6476,51.8126
4.998,-47.6476,51.8126
4.998,-47.6476,51.8126
4.998,-47.6476,51.8126
4.998,-47.6476,51.8126
4.998,-47.6476,51.8126
4.998,-47.6476,51.8126
3.9151,-47.481,50.9796
3.9151,-47.481,50.9796
3.9151,-47.481,50.9796
3.9151,-47.481,50.9796
3.9151,-47.481,50.9796
3.9151,-47.481,50.9796
3.9151,-47.481,50.9796
3.9151,-47.481,50.9796
3.9151,-47.481,50.9796
3.9151,-47.481,50.9796
3.9151,-47.481,50.9796
3.9151,-47.481,50.9796
3.9151,-47.481,50.9796
5.1646,-47.481,50.3965
5.1646,-47.481,50.3965
5.1646,-47.481,50.3965
5.1646,-47.481,50.3965
5.1646,-47.481,50.3965
5.1646,-47.481,50.3965
5.1646,-47.481,50.3965
5.1646,-47.481,50.3965
5.1646,-47.481,50.3965
5.1646,-47.481,50.3965
5.1646,-47.481,50.3965
5.1646,-47.481,50.3965
3.1654,-45.8983,51.3961
3.1654,-45.8983,51.3961
3.1654,-45.8983,51.3961
3.1654,-45.8983,51.3961
3.1654,-45.8983,51.3961
3.1654,-45.8983,51.3961
3.1654,-45.8983,51.3961
3.1654,-45.8983,51.3961
3.1654,-45.8983,51.3961
3.1654,-45.8983,51.3961
3.1654,-45.8983,51.3961
3.1654,-45.8983,51.3961
4.7481,-47.8975,49.147
4.7481,-47.8975,49.147
4.7481,-47.8975,49.147
4.7481,-47.8975,49.147
4.7481,-47.8975,49.147
4.7481,-47.8975,49.147
4.7481,-47.8975,49.147
4.7481,-47.8975,49.147
4.7481,-47.8975,49.147
4.7481,-47.8975,49.147
4.7481,-47.8975,49.147
4.7481,-47.8975,49.147
4.7481,-47.8975,49.147
7.5803,-46.0649,49.147
7.5803,-46.0649,49.147
7.5803,-46.0649,49.147
7.5803,-46.0649,49.147
7.5803,-46.0649,49.147
7.5803,-46.0649,49.147
7.5803,-46.0649,49.147
7.5803,-46.0649,49.147
7.5803,-46.0649,49.147
7.5803,-46.0649,49.147
7.5803,-46.0649,49.147
7.5803,-46.0649,49.147
7.5803,-46.0649,49.147
5.1646,-47.2311,49.147
5.1646,-47.2311,49.147
5.1646,-47.2311,49.147
5.1646,-47.2311,49.147
5.1646,-47.2311,49.147
5.1646,-47.2311,49.147
5.1646,-47.2311,49.147
5.1646,-47.2311,49.147
5.1646,-47.2311,49.147
5.1646,-47.2311,49.147
5.1646,-47.2311,49.147
5.1646,-47.2311,49.147
5.1646,-47.2311,49.147
3.4986,-47.2311,49.98
3.4986,-47.2311,49.98
3.4986,-47.2311,49.98
3.4986,-47.2311,49.98
3.4986,-47.2311,49.98
3.4986,-47.2311,49.98
3.4986,-47.2311,49.98
3.4986,-47.2311,49.98
3.4986,-47.2311,49.98
3.4986,-47.2311,49.98
3.4986,-47.2311,49.98
3.4986,-47.2311,49.98
6.2475,-46.648,49.7301
6.2475,-46.648,49.7301
6.2475,-46.648,49.7301
6.2475,-46.648,49.7301
6.2475,-46.648,49.7301
6.2475,-46.648,49.7301
6.2475,-46.648,49.7301
6.2475,-46.648,49.7301
6.2475,-46.648,49.7301
6.2475,-46.648,49.7301
6.2475,-46.648,49.7301
6.2475,-46.648,49.7301
6.2475,-46.648,49.7301
6.2475,-46.648,49.7301
8.163401,-45.8983,53.1454
8.163401,-45.8983,53.1454
8.163401,-45.8983,53.1454
8.163401,-45.8983,53.1454
8.163401,-45.8983,53.1454
8.163401,-45.8983,53.1454
8.163401,-45.8983,53.1454
8.163401,-45.8983,53.1454
8.163401,-45.8983,53.1454
8.163401,-45.8983,53.1454
8.163401,-45.8983,53.1454
8.163401,-45.8983,53.1454
5.4145,-47.6476,49.147
5.4145,-47.6476,49.147
5.4145,-47.6476,49.147
5.4145,-47.6476,49.147
5.4145,-47.6476,49.147
5.4145,-47.6476,49.147
5.4145,-47.6476,49.147
5.4145,-47.6476,49.147
5.4145,-47.6476,49.147
5.4145,-47.6476,49.147
5.4145,-47.6476,49.147
5.4145,-47.6476,49.147
5.9976,-44.6488,49.98
5.9976,-44.6488,49.98
5.9976,-44.6488,49.98
5.9976,-44.6488,49.98
5.9976,-44.6488,49.98
5.9976,-44.6488,49.98
5.9976,-44.6488,49.98
5.9976,-44.6488,49.98
5.9976,-44.6488,49.98
5.9976,-44.6488,49.98
5.9976,-44.6488,49.98
5.9976,-44.6488,49.98
5.9976,-44.6488,49.98
5.9976,-44.6488,49.98
5.5811,-45.6484,49.5635
5.5811,-45.6484,49.5635
5.5811,-45.6484,49.5635
5.5811,-45.6484,49.5635
5.5811,-45.6484,49.5635
5.5811,-45.6484,49.5635
5.5811,-45.6484,49.5635
5.5811,-45.6484,49.5635
5.5811,-45.6484,49.5635
5.5811,-45.6484,49.5635
5.5811,-45.6484,49.5635
5.5811,-45.6484,49.5635
1.7493,-48.4806,51.3961
1.7493,-48.4806,51.3961
1.7493,-48.4806,51.3961
1.7493,-48.4806,51.3961
1.7493,-48.4806,51.3961
1.7493,-48.4806,51.3961
1.7493,-48.4806,51.3961
1.7493,-48.4806,51.3961
1.7493,-48.4806,51.3961
1.7493,-48.4806,51.3961
1.7493,-48.4806,51.3961
1.7493,-48.4806,51.3961
1.7493,-48.4806,51.3961
1.7493,-48.4806,51.3961
6.4974,-44.3989,52.479
6.4974,-44.3989,52.479
6.4974,-44.3989,52.479
6.4974,-44.3989,52.479
6.4974,-44.3989,52.479
6.4974,-44.3989,52.479
6.4974,-44.3989,52.479
6.4974,-44.3989,52.479
6.4974,-44.3989,52.479
6.4974,-44.3989,52.479
6.4974,-44.3989,52.479
6.4974,-44.3989,52.479
8.163401,-47.481,50.1466
8.163401,-47.481,50.1466
8.163401,-47.481,50.1466
8.163401,-47.481,50.1466
8.163401,-47.481,50.1466
8.163401,-47.481,50.1466
8.163401,-47.481,50.1466
8.163401,-47.481,50.1466
8.163401,-47.481,50.1466
8.163401,-47.481,50.1466
8.163401,-47.481,50.1466
8.163401,-47.481,50.1466
8.163401,-47.481,50.1466
8.163401,-47.481,50.1466
6.2475,-49.8134,48.314
6.2475,-49.8134,48.314
6.2475,-49.8134,48.314
6.2475,-49.8134,48.314
6.2475,-49.8134,48.314
6.2475,-49.8134,48.314
6.2475,-49.8134,48.314
6.2475,-49.8134,48.314
6.2475,-49.8134,48.314
6.2475,-49.8134,48.314
6.2475,-49.8134,48.314
6.2475,-49.8134,48.314
4.7481,-47.2311,50.9796
4.7481,-47.2311,50.9796
4.7481,-47.2311,50.9796
4.7481,-47.2311,50.9796
4.7481,-47.2311,50.9796
4.7481,-47.2311,50.9796
4.7481,-47.2311,50.9796
4.7481,-47.2311,50.9796
4.7481,-47.2311,50.9796
4.7481,-47.2311,50.9796
4.7481,-47.2311,50.9796
4.7481,-47.2311,50.9796
4.7481,-47.2311,50.9796
4.7481,-47.2311,50.9796
5.9976,-44.6488,49.3136
5.9976,-44.6488,49.3136
5.9976,-44.6488,49.3136
5.9976,-44.6488,49.3136
5.9976,-44.6488,49.3136
5.9976,-44.6488,49.3136
5.9976,-44.6488,49.3136
5.9976,-44.6488,49.3136
5.9976,-44.6488,49.3136
5.9976,-44.6488,49.3136
5.9976,-44.6488,49.3136
5.9976,-44.6488,49.3136
5.9976,-44.6488,49.3136
7.5803,-46.648,49.7301
7.5803,-46.648,49.7301
7.5803,-46.648,49.7301
7.5803,-46.648,49.7301
7.5803,-46.648,49.7301
7.5803,-46.648,49.7301
7.5803,-46.648,49.7301
7.5803,-46.648,49.7301
7.5803,-46.648,49.7301
7.5803,-46.648,49.7301
7.5803,-46.648,49.7301
7.5803,-46.648,49.7301
7.5803,-46.648,49.7301
7.5803,-46.648,49.7301
7.1638,-43.8991,52.2291
7.1638,-43.8991,52.2291
7.1638,-43.8991,52.2291
7.1638,-43.8991,52.2291
7.1638,-43.8991,52.2291
7.1638,-43.8991,52.2291
7.1638,-43.8991,52.2291
7.1638,-43.8991,52.2291
7.1638,-43.8991,52.2291
7.1638,-43.8991,52.2291
7.1638,-43.8991,52.2291
7.1638,-43.8991,52.2291
7.1638,-43.8991,52.2291
2.7489,-48.9804,51.3961
2.7489,-48.9804,51.3961
2.7489,-48.9804,51.3961
2.7489,-48.9804,51.3961
2.7489,-48.9804,51.3961
2.7489,-48.9804,51.3961
2.7489,-48.9804,51.3961
2.7489,-48.9804,51.3961
2.7489,-48.9804,51.3961
2.7489,-48.9804,51.3961
2.7489,-48.9804,51.3961
2.7489,-48.9804,51.3961
2.7489,-48.9804,51.3961
5.5811,-47.8975,50.5631
5.5811,-47.8975,50.5631
5.5811,-47.8975,50.5631
5.5811,-47.8975,50.5631
5.5811,-47.8975,50.5631
5.5811,-47.8975,50.5631
5.5811,-47.8975,50.5631
5.5811,-47.8975,50.5631
5.5811,-47.8975,50.5631
5.5811,-47.8975,50.5631
5.5811,-47.8975,50.5631
5.5811,-47.8975,50.5631
3.7485,-45.6484,52.6456
3.7485,-45.6484,52.6456
3.7485,-45.6484,52.6456
3.7485,-45.6484,52.6456
3.7485,-45.6484,52.6456
3.7485,-45.6484,52.6456
3.7485,-45.6484,52.6456
3.7485,-45.6484,52.6456
3.7485,-45.6484,52.6456
3.7485,-45.6484,52.6456
3.7485,-45.6484,52.6456
3.7485,-45.6484,52.6456
3.7485,-45.6484,52.6456
4.3316,-46.0649,51.646
4.3316,-46.0649,51.646
4.3316,-46.0649,51.646
4.3316,-46.0649,51.646
4.3316,-46.0649,51.646
4.3316,-46.0649,51.646
4.3316,-46.0649,51.646
4.3316,-46.0649,51.646
4.3316,-46.0649,51.646
4.3316,-46.0649,51.646
4.3316,-46.0649,51.646
4.3316,-46.0649,51.646
4.3316,-46.0649,51.646
0.6664,-46.648,54.3949
0.6664,-46.648,54.3949
0.6664,-46.648,54.3949
0.6664,-46.648,54.3949
0.6664,-46.648,54.3949
0.6664,-46.648,54.3949
0.6664,-46.648,54.3949
0.6664,-46.648,54.3949
0.6664,-46.648,54.3949
0.6664,-46.648,54.3949
0.6664,-46.648,54.3949
0.6664,-46.648,54.3949
0.6664,-46.648,54.3949
-4.5815,-44.3989,51.8126
-4.5815,-44.3989,51.8126
-4.5815,-44.3989,51.8126
-4.5815,-44.3989,51.8126
-4.5815,-44.3989,51.8126
-4.5815,-44.3989,51.8126
-4.5815,-44.3989,51.8126
-4.5815,-44.3989,51.8126
-4.5815,-44.3989,51.8126
-4.5815,-44.3989,51.8126
-4.5815,-44.3989,51.8126
-4.5815,-44.3989,51.8126
0,-46.3148,49.7301
0,-46.3148,49.7301
0,-46.3148,49.7301
0,-46.3148,49.7301
0,-46.3148,49.7301
0,-46.3148,49.7301
0,-46.3148,49.7301
0,-46.3148,49.7301
0,-46.3148,49.7301
0,-46.3148,49.7301
0,-46.3148,49.7301
0,-46.3148,49.7301
0,-46.3148,49.7301
0,-46.3148,49.7301
0,-46.3148,49.7301
-3.4986,-41.8166,59.2263
-3.4986,-41.8166,59.2263
-3.4986,-41.8166,59.2263
-3.4986,-41.8166,59.2263
-3.4986,-41.8166,59.2263
-3.4986,-41.8166,59.2263
-3.4986,-41.8166,59.2263
-3.4986,-41.8166,59.2263
-3.4986,-41.8166,59.2263
-3.4986,-41.8166,59.2263
-3.4986,-41.8166,59.2263
11.8286,-45.8983,60.0593
11.8286,-45.8983,60.0593
11.8286,-45.8983,60.0593
11.8286,-45.8983,60.0593
11.8286,-45.8983,60.0593
11.8286,-45.8983,60.0593
11.8286,-45.8983,60.0593
11.8286,-45.8983,60.0593
11.8286,-45.8983,60.0593
11.8286,-45.8983,60.0593
11.8286,-45.8983,60.0593
11.8286,-45.8983,60.0593
11.8286,-45.8983,60.0593
11.8286,-45.8983,60.0593
9.6628,-47.6476,61.7253
9.6628,-47.6476,61.7253
9.6628,-47.6476,61.7253
9.6628,-47.6476,61.7253
9.6628,-47.6476,61.7253
9.6628,-47.6476,61.7253
9.6628,-47.6476,61.7253
9.6628,-47.6476,61.7253
9.6628,-47.6476,61.7253
9.6628,-47.6476,61.7253
9.6628,-47.6476,61.7253
11.2455,-46.648,62.5583
11.2455,-46.648,62.5583
11.2455,-46.648,62.5583
11.2455,-46.648,62.5583
11.2455,-46.648,62.5583
11.2455,-46.648,62.5583
11.2455,-46.648,62.5583
11.2455,-46.648,62.5583
11.2455,-46.648,62.5583
11.2455,-46.648,62.5583
11.2455,-46.648,62.5583
11.2455,-46.648,62.5583
11.2455,-46.648,62.5583
8.5799,-47.2311,58.5599
8.5799,-47.2311,58.5599
8.5799,-47.2311,58.5599
8.5799,-47.2311,58.5599
8.5799,-47.2311,58.5599
8.5799,-47.2311,58.5599
8.5799,-47.2311,58.5599
8.5799,-47.2311,58.5599
8.5799,-47.2311,58.5599
8.5799,-47.2311,58.5599
8.5799,-47.2311,58.5599
8.5799,-47.2311,58.5599
8.5799,-47.2311,58.5599
-10.9956,-44.3989,52.2291
-10.9956,-44.3989,52.2291
-10.9956,-44.3989,52.2291
-10.9956,-44.3989,52.2291
-10.9956,-44.3989,52.2291
-10.9956,-44.3989,52.2291
-10.9956,-44.3989,52.2291
-10.9956,-44.3989,52.2291
-10.9956,-44.3989,52.2291
-10.9956,-44.3989,52.2291
-10.9956,-44.3989,52.2291
-10.9956,-44.3989,52.2291
-10.9956,-44.3989,52.2291
-23.4906,-49.2303,38.7345
-23.4906,-49.2303,38.7345
-23.4906,-49.2303,38.7345
-23.4906,-49.2303,38.7345
-23.4906,-49.2303,38.7345
-23.4906,-49.2303,38.7345
-23.4906,-49.2303,38.7345
-23.4906,-49.2303,38.7345
-23.4906,-49.2303,38.7345
-23.4906,-49.2303,38.7345
-23.4906,-49.2303,38.7345
-23.4906,-49.2303,38.7345
-23.4906,-49.2303,38.7345
-17.9095,-43.7325,40.4005
-17.9095,-43.7325,40.4005
-17.9095,-43.7325,40.4005
-17.9095,-43.7325,40.4005
-17.9095,-43.7325,40.4005
-17.9095,-43.7325,40.4005
-17.9095,-43.7325,40.4005
-17.9095,-43.7325,40.4005
-17.9095,-43.7325,40.4005
-17.9095,-43.7325,40.4005
-17.9095,-43.7325,40.4005
-17.9095,-43.7325,40.4005
-17.9095,-43.7325,40.4005
-17.9095,-43.7325,40.4005
-1.7493,-48.8138,45.5651
-1.7493,-48.8138,45.5651
-1.7493,-48.8138,45.5651
-1.7493,-48.8138,45.5651
-1.7493,-48.8138,45.5651
-1.7493,-48.8138,45.5651
-1.7493,-48.8138,45.5651
-1.7493,-48.8138,45.5651
-1.7493,-48.8138,45.5651
-1.7493,-48.8138,45.5651
-1.7493,-48.8138,45.5651
-1.7493,-48.8138,45.5651
-1.7493,-48.8138,45.5651
-0.6664,-49.2303,48.4806
-0.6664,-49.2303,48.4806
-0.6664,-49.2303,48.4806
-0.6664,-49.2303,48.4806
-0.6664,-49.2303,48.4806
-0.6664,-49.2303,48.4806
-0.6664,-49.2303,48.4806
-0.6664,-49.2303,48.4806
-0.6664,-49.2303,48.4806
-0.6664,-49.2303,48.4806
-0.6664,-49.2303,48.4806
-0.6664,-49.2303,48.4806
-0.6664,-49.2303,48.4806
2.9988,-48.4806,49.147
2.9988,-48.4806,49.147
2.9988,-48.4806,49.147
2.9988,-48.4806,49.147
2.9988,-48.4806,49.147
2.9988,-48.4806,49.147
2.9988,-48.4806,49.147
2.9988,-48.4806,49.147
2.9988,-48.4806,49.147
2.9988,-48.4806,49.147
2.9988,-48.4806,49.147
2.9988,-48.4806,49.147
2.9988,-49.6468,48.0641
2.9988,-49.6468,48.0641
2.9988,-49.6468,48.0641
2.9988,-49.6468,48.0641
2.9988,-49.6468,48.0641
2.9988,-49.6468,48.0641
2.9988,-49.6468,48.0641
2.9988,-49.6468,48.0641
2.9988,-49.6468,48.0641
2.9988,-49.6468,48.0641
2.9988,-49.6468,48.0641
2.9988,-49.6468,48.0641
2.9988,-49.6468,48.0641
-0.0833,-49.3969,43.8991
-0.0833,-49.3969,43.8991
-0.0833,-49.3969,43.8991
-0.0833,-49.3969,43.8991
-0.0833,-49.3969,43.8991
-0.0833,-49.3969,43.8991
-0.0833,-49.3969,43.8991
-0.0833,-49.3969,43.8991
-0.0833,-49.3969,43.8991
-0.0833,-49.3969,43.8991
-0.0833,-49.3969,43.8991
-0.0833,-49.3969,43.8991
-0.0833,-49.3969,43.8991
-8.9964,-42.483,47.2311
-8.9964,-42.483,47.2311
-8.9964,-42.483,47.2311
-8.9964,-42.483,47.2311
-8.9964,-42.483,47.2311
-8.9964,-42.483,47.2311
-8.9964,-42.483,47.2311
-8.9964,-42.483,47.2311
-8.9964,-42.483,47.2311
-8.9964,-42.483,47.2311
-8.9964,-42.483,47.2311
-8.9964,-42.483,47.2311
-8.9964,-42.483,47.2311
-7.3304,-36.7353,55.4778
-7.3304,-36.7353,55.4778
-7.3304,-36.7353,55.4778
-7.3304,-36.7353,55.4778
-7.3304,-36.7353,55.4778
-7.3304,-36.7353,55.4778
-7.3304,-36.7353,55.4778
-7.3304,-36.7353,55.4778
-7.3304,-36.7353,55.4778
-7.3304,-36.7353,55.4778
-7.3304,-36.7353,55.4778
-7.3304,-36.7353,55.4778
-7.3304,-36.7353,55.4778
13.4113,-50.6464,56.3108
13.4113,-50.6464,56.3108
13.4113,-50.6464,56.3108
13.4113,-50.6464,56.3108
13.4113,-50.6464,56.3108
13.4113,-50.6464,56.3108
13.4113,-50.6464,56.3108
13.4113,-50.6464,56.3108
13.4113,-50.6464,56.3108
13.4113,-50.6464,56.3108
13.4113,-50.6464,56.3108
13.4113,-50.6464,56.3108
11.662,-50.2299,57.3104
11.662,-50.2299,57.3104
11.662,-50.2299,57.3104
11.662,-50.2299,57.3104
11.662,-50.2299,57.3104
11.662,-50.2299,57.3104
11.662,-50.2299,57.3104
11.662,-50.2299,57.3104
11.662,-50.2299,57.3104
11.662,-50.2299,57.3104
11.662,-50.2299,57.3104
11.662,-50.2299,57.3104
11.662,-50.2299,57.3104
15.2439,-50.2299,56.8939
15.2439,-50.2299,56.8939
15.2439,-50.2299,56.8939
15.2439,-50.2299,56.8939
15.2439,-50.2299,56.8939
15.2439,-50.2299,56.8939
15.2439,-50.2299,56.8939
15.2439,-50.2299,56.8939
15.2439,-50.2299,56.8939
15.2439,-50.2299,56.8939
15.2439,-50.2299,56.8939
15.2439,-50.2299,56.8939
15.2439,-50.2299,56.8939
12.495,-54.8114,54.2283
12.495,-54.8114,54.2283
12.495,-54.8114,54.2283
12.495,-54.8114,54.2283
12.495,-54.8114,54.2283
12.495,-54.8114,54.2283
12.495,-54.8114,54.2283
12.495,-54.8114,54.2283
12.495,-54.8114,54.2283
12.495,-54.8114,54.2283
12.495,-54.8114,54.2283
12.495,-54.8114,54.2283
12.495,-54.8114,54.2283
-1.4994,-49.8134,51.8126
-1.4994,-49.8134,51.8126
-1.4994,-49.8134,51.8126
-1.4994,-49.8134,51.8126
-1.4994,-49.8134,51.8126
-1.4994,-49.8134,51.8126
-1.4994,-49.8134,51.8126
-1.4994,-49.8134,51.8126
-1.4994,-49.8134,51.8126
-1.4994,-49.8134,51.8126
-1.4994,-49.8134,51.8126
-1.4994,-49.8134,51.8126
-1.4994,-49.8134,51.8126
-9.7461,-48.9804,45.1486
-9.7461,-48.9804,45.1486
-9.7461,-48.9804,45.1486
-9.7461,-48.9804,45.1486
-9.7461,-48.9804,45.1486
-9.7461,-48.9804,45.1486
-9.7461,-48.9804,45.1486
-9.7461,-48.9804,45.1486
-9.7461,-48.9804,45.1486
-9.7461,-48.9804,45.1486
-9.7461,-48.9804,45.1486
-9.7461,-48.9804,45.1486
-9.7461,-48.9804,45.1486
-2.9988,-46.648,45.1486
-2.9988,-46.648,45.1486
-2.9988,-46.648,45.1486
-2.9988,-46.648,45.1486
-2.9988,-46.648,45.1486
-2.9988,-46.648,45.1486
-2.9988,-46.648,45.1486
-2.9988,-46.648,45.1486
-2.9988,-46.648,45.1486
-2.9988,-46.648,45.1486
-2.9988,-46.648,45.1486
-2.9988,-46.648,45.1486
-2.9988,-46.648,45.1486
-2.3324,-52.8955,40.817
-2.3324,-52.8955,40.817
-2.3324,-52.8955,40.817
-2.3324,-52.8955,40.817
-2.3324,-52.8955,40.817
-2.3324,-52.8955,40.817
-2.3324,-52.8955,40.817
-2.3324,-52.8955,40.817
-2.3324,-52.8955,40.817
-2.3324,-52.8955,40.817
-2.3324,-52.8955,40.817
-2.3324,-52.8955,40.817
-2.3324,-52.8955,40.817
1.4994,-52.0625,50.813
1.4994,-52.0625,50.813
1.4994,-52.0625,50.813
1.4994,-52.0625,50.813
1.4994,-52.0625,50.813
1.4994,-52.0625,50.813
1.4994,-52.0625,50.813
1.4994,-52.0625,50.813
1.4994,-52.0625,50.813
1.4994,-52.0625,50.813
1.4994,-52.0625,50.813
1.4994,-52.0625,50.813
1.4994,-52.0625,50.813
4.5815,-52.6456,45.815
4.5815,-52.6456,45.815
4.5815,-52.6456,45.815
4.5815,-52.6456,45.815
4.5815,-52.6456,45.815
4.5815,-52.6456,45.815
4.5815,-52.6456,45.815
4.5815,-52.6456,45.815
4.5815,-52.6456,45.815
4.5815,-52.6456,45.815
4.5815,-52.6456,45.815
4.5815,-52.6456,45.815
4.5815,-52.6456,45.815
1.3328,-49.8134,46.648
1.3328,-49.8134,46.648
1.3328,-49.8134,46.648
1.3328,-49.8134,46.648
1.3328,-49.8134,46.648
1.3328,-49.8134,46.648
1.3328,-49.8134,46.648
1.3328,-49.8134,46.648
1.3328,-49.8134,46.648
1.3328,-49.8134,46.648
1.3328,-49.8134,46.648
1.3328,-49.8134,46.648
1.3328,-49.8134,46.648
3.1654,-51.646,46.2315
3.1654,-51.646,46.2315
3.1654,-51.646,46.2315
3.1654,-51.646,46.2315
3.1654,-51.646,46.2315
3.1654,-51.646,46.2315
3.1654,-51.646,46.2315
3.1654,-51.646,46.2315
3.1654,-51.646,46.2315
3.1654,-51.646,46.2315
3.1654,-51.646,46.2315
3.1654,-51.646,46.2315
3.1654,-51.646,46.2315
1.4994,-51.3961,48.7305
1.4994,-51.3961,48.7305
1.4994,-51.3961,48.7305
1.4994,-51.3961,48.7305
1.4994,-51.3961,48.7305
1.4994,-51.3961,48.7305
1.4994,-51.3961,48.7305
1.4994,-51.3961,48.7305
1.4994,-51.3961,48.7305
1.4994,-51.3961,48.7305
1.4994,-51.3961,48.7305
1.4994,-51.3961,48.7305
1.4994,-51.3961,48.7305
-9.7461,-44.6488,41.65
-9.7461,-44.6488,41.65
-9.7461,-44.6488,41.65
-9.7461,-44.6488,41.65
-9.7461,-44.6488,41.65
-9.7461,-44.6488,41.65
-9.7461,-44.6488,41.65
-9.7461,-44.6488,41.65
-9.7461,-44.6488,41.65
-9.7461,-44.6488,41.65
-9.7461,-44.6488,41.65
-9.7461,-44.6488,41.65
-9.7461,-44.6488,41.65
-9.7461,-44.6488,41.65
-12.2451,-44.2323,47.8975
-12.2451,-44.2323,47.8975
-12.2451,-44.2323,47.8975
-12.2451,-44.2323,47.8975
-12.2451,-44.2323,47.8975
-12.2451,-44.2323,47.8975
-12.2451,-44.2323,47.8975
-12.2451,-44.2323,47.8975
-12.2451,-44.2323,47.8975
-12.2451,-44.2323,47.8975
-12.2451,-44.2323,47.8975
-12.2451,-44.2323,47.8975
4.998,-43.0661,59.3929
4.998,-43.0661,59.3929
4.998,-43.0661,59.3929
4.998,-43.0661,59.3929
4.998,-43.0661,59.3929
4.998,-43.0661,59.3929
4.998,-43.0661,59.3929
4.998,-43.0661,59.3929
4.998,-43.0661,59.3929
4.998,-43.0661,59.3929
4.998,-43.0661,59.3929
4.998,-43.0661,59.3929
4.998,-43.0661,59.3929
4.998,-43.0661,59.3929
10.4125,-51.8126,59.2263
10.4125,-51.8126,59.2263
10.4125,-51.8126,59.2263
10.4125,-51.8126,59.2263
10.4125,-51.8126,59.2263
10.4125,-51.8126,59.2263
10.4125,-51.8126,59.2263
10.4125,-51.8126,59.2263
10.4125,-51.8126,59.2263
10.4125,-51.8126,59.2263
10.4125,-51.8126,59.2263
10.4125,-51.8126,59.2263
10.4125,-51.8126,59.2263
10.9956,-52.6456,56.8939
10.9956,-52.6456,56.8939
10.9956,-52.6456,56.8939
10.9956,-52.6456,56.8939
10.9956,-52.6456,56.8939
10.9956,-52.6456,56.8939
10.9956,-52.6456,56.8939
10.9956,-52.6456,56.8939
10.9956,-52.6456,56.8939
10.9956,-52.6456,56.8939
10.9956,-52.6456,56.8939
10.9956,-52.6456,56.8939
10.9956,-52.6456,56.8939
6.4974,-53.0621,55.8943
6.4974,-53.0621,55.8943
6.4974,-53.0621,55.8943
6.4974,-53.0621,55.8943
6.4974,-53.0621,55.8943
6.4974,-53.0621,55.8943
6.4974,-53.0621,55.8943
6.4974,-53.0621,55.8943
6.4974,-53.0621,55.8943
6.4974,-53.0621,55.8943
6.4974,-53.0621,55.8943
6.4974,-53.0621,55.8943
5.9976,-56.8106,56.0609
5.9976,-56.8106,56.0609
5.9976,-56.8106,56.0609
5.9976,-56.8106,56.0609
5.9976,-56.8106,56.0609
5.9976,-56.8106,56.0609
5.9976,-56.8106,56.0609
5.9976,-56.8106,56.0609
5.9976,-56.8106,56.0609
5.9976,-56.8106,56.0609
5.9976,-56.8106,56.0609
5.9976,-56.8106,56.0609
5.9976,-56.8106,56.0609
5.9976,-56.8106,56.0609
7.1638,-52.2291,56.4774
7.1638,-52.2291,56.4774
7.1638,-52.2291,56.4774
7.1638,-52.2291,56.4774
7.1638,-52.2291,56.4774
7.1638,-52.2291,56.4774
7.1638,-52.2291,56.4774
7.1638,-52.2291,56.4774
7.1638,-52.2291,56.4774
7.1638,-52.2291,56.4774
7.1638,-52.2291,56.4774
7.1638,-52.2291,56.4774
7.1638,-52.2291,56.4774
6.7473,-49.8134,56.7273
6.7473,-49.8134,56.7273
6.7473,-49.8134,56.7273
6.7473,-49.8134,56.7273
6.7473,-49.8134,56.7273
6.7473,-49.8134,56.7273
6.7473,-49.8134,56.7273
6.7473,-49.8134,56.7273
6.7473,-49.8134,56.7273
6.7473,-49.8134,56.7273
6.7473,-49.8134,56.7273
6.7473,-49.8134,56.7273
6.7473,-49.8134,56.7273
-7.5803,-47.8975,50.9796
-7.5803,-47.8975,50.9796
-7.5803,-47.8975,50.9796
-7.5803,-47.8975,50.9796
-7.5803,-47.8975,50.9796
-7.5803,-47.8975,50.9796
-7.5803,-47.8975,50.9796
-7.5803,-47.8975,50.9796
-7.5803,-47.8975,50.9796
-7.5803,-47.8975,50.9796
-7.5803,-47.8975,50.9796
-7.5803,-47.8975,50.9796
-7.5803,-47.8975,50.9796
-7.5803,-47.8975,50.9796
-20.2419,-50.8963,39.151
-20.2419,-50.8963,39.151
-20.2419,-50.8963,39.151
-20.2419,-50.8963,39.151
-20.2419,-50.8963,39.151
-20.2419,-50.8963,39.151
-20.2419,-50.8963,39.151
-20.2419,-50.8963,39.151
-20.2419,-50.8963,39.151
-20.2419,-50.8963,39.151
-20.2419,-50.8963,39.151
-20.2419,-50.8963,39.151
-5.4145,-48.0641,47.0645
-5.4145,-48.0641,47.0645
-5.4145,-48.0641,47.0645
-5.4145,-48.0641,47.0645
-5.4145,-48.0641,47.0645
-5.4145,-48.0641,47.0645
-5.4145,-48.0641,47.0645
-5.4145,-48.0641,47.0645
-5.4145,-48.0641,47.0645
-5.4145,-48.0641,47.0645
-5.4145,-48.0641,47.0645
-5.4145,-48.0641,47.0645
-5.4145,-48.0641,47.0645
10.5791,-44.6488,58.9764
10.5791,-44.6488,58.9764
10.5791,-44.6488,58.9764
10.5791,-44.6488,58.9764
10.5791,-44.6488,58.9764
10.5791,-44.6488,58.9764
10.5791,-44.6488,58.9764
10.5791,-44.6488,58.9764
10.5791,-44.6488,58.9764
10.5791,-44.6488,58.9764
10.5791,-44.6488,58.9764
10.5791,-44.6488,58.9764
10.5791,-44.6488,58.9764
14.4109,-49.2303,52.0625
14.4109,-49.2303,52.0625
14.4109,-49.2303,52.0625
14.4109,-49.2303,52.0625
14.4109,-49.2303,52.0625
14.4109,-49.2303,52.0625
14.4109,-49.2303,52.0625
14.4109,-49.2303,52.0625
14.4109,-49.2303,52.0625
14.4109,-49.2303,52.0625
14.4109,-49.2303,52.0625
14.4109,-49.2303,52.0625
14.4109,-49.2303,52.0625
16.0769,-47.2311,53.0621
16.0769,-47.2311,53.0621
16.0769,-47.2311,53.0621
16.0769,-47.2311,53.0621
16.0769,-47.2311,53.0621
16.0769,-47.2311,53.0621
16.0769,-47.2311,53.0621
16.0769,-47.2311,53.0621
16.0769,-47.2311,53.0621
16.0769,-47.2311,53.0621
16.0769,-47.2311,53.0621
16.0769,-47.2311,53.0621
16.0769,-47.2311,53.0621
-12.9948,-46.3148,46.8146
-12.9948,-46.3148,46.8146
-12.9948,-46.3148,46.8146
-12.9948,-46.3148,46.8146
-12.9948,-46.3148,46.8146
-12.9948,-46.3148,46.8146
-12.9948,-46.3148,46.8146
-12.9948,-46.3148,46.8146
-12.9948,-46.3148,46.8146
-12.9948,-46.3148,46.8146
-12.9948,-46.3148,46.8146
-12.9948,-46.3148,46.8146
-12.9948,-46.3148,46.8146
-2.5823,-42.483,53.8118
-2.5823,-42.483,53.8118
-2.5823,-42.483,53.8118
-2.5823,-42.483,53.8118
-2.5823,-42.483,53.8118
-2.5823,-42.483,53.8118
-2.5823,-42.483,53.8118
-2.5823,-42.483,53.8118
-2.5823,-42.483,53.8118
-2.5823,-42.483,53.8118
-2.5823,-42.483,53.8118
-2.5823,-42.483,53.8118
-2.5823,-42.483,53.8118
22.1578,-56.8106,53.5619
22.1578,-56.8106,53.5619
22.1578,-56.8106,53.5619
22.1578,-56.8106,53.5619
22.1578,-56.8106,53.5619
22.1578,-56.8106,53.5619
22.1578,-56.8106,53.5619
22.1578,-56.8106,53.5619
22.1578,-56.8106,53.5619
22.1578,-56.8106,53.5619
22.1578,-56.8106,53.5619
22.1578,-56.8106,53.5619
22.1578,-56.8106,53.5619
16.8266,-56.2275,56.8939
16.8266,-56.2275,56.8939
16.8266,-56.2275,56.8939
16.8266,-56.2275,56.8939
16.8266,-56.2275,56.8939
16.8266,-56.2275,56.8939
16.8266,-56.2275,56.8939
16.8266,-56.2275,56.8939
16.8266,-56.2275,56.8939
16.8266,-56.2275,56.8939
16.8266,-56.2275,56.8939
16.8266,-56.2275,56.8939
16.8266,-56.2275,56.8939
14.2443,-56.644,55.4778
14.2443,-56.644,55.4778
14.2443,-56.644,55.4778
14.2443,-56.644,55.4778
14.2443,-56.644,55.4778
14.2443,-56.644,55.4778
14.2443,-56.644,55.4778
14.2443,-56.644,55.4778
14.2443,-56.644,55.4778
14.2443,-56.644,55.4778
14.2443,-56.644,55.4778
14.2443,-56.644,55.4778
14.2443,-56.644,55.4778
12.6616,-54.8114,55.2279
12.6616,-54.8114,55.2279
12.6616,-54.8114,55.2279
12.6616,-54.8114,55.2279
12.6616,-54.8114,55.2279
12.6616,-54.8114,55.2279
12.6616,-54.8114,55.2279
12.6616,-54.8114,55.2279
12.6616,-54.8114,55.2279
12.6616,-54.8114,55.2279
12.6616,-54.8114,55.2279
12.6616,-54.8114,55.2279
12.6616,-54.8114,55.2279
10.9956,-58.1434,53.9784
10.9956,-58.1434,53.9784
10.9956,-58.1434,53.9784
10.9956,-58.1434,53.9784
10.9956,-58.1434,53.9784
10.9956,-58.1434,53.9784
10.9956,-58.1434,53.9784
10.9956,-58.1434,53.9784
10.9956,-58.1434,53.9784
10.9956,-58.1434,53.9784
10.9956,-58.1434,53.9784
10.9956,-58.1434,53.9784
10.9956,-58.1434,53.9784
11.8286,-58.3933,54.2283
11.8286,-58.3933,54.2283
11.8286,-58.3933,54.2283
11.8286,-58.3933,54.2283
11.8286,-58.3933,54.2283
11.8286,-58.3933,54.2283
11.8286,-58.3933,54.2283
11.8286,-58.3933,54.2283
11.8286,-58.3933,54.2283
11.8286,-58.3933,54.2283
11.8286,-58.3933,54.2283
11.8286,-58.3933,54.2283
11.8286,-58.3933,54.2283
16.4101,-54.8114,55.2279
16.4101,-54.8114,55.2279
16.4101,-54.8114,55.2279
16.4101,-54.8114,55.2279
16.4101,-54.8114,55.2279
16.4101,-54.8114,55.2279
16.4101,-54.8114,55.2279
16.4101,-54.8114,55.2279
16.4101,-54.8114,55.2279
16.4101,-54.8114,55.2279
16.4101,-54.8114,55.2279
16.4101,-54.8114,55.2279
16.4101,-54.8114,55.2279
9.6628,-56.8106,54.2283
9.6628,-56.8106,54.2283
9.6628,-56.8106,54.2283
9.6628,-56.8106,54.2283
9.6628,-56.8106,54.2283
9.6628,-56.8106,54.2283
9.6628,-56.8106,54.2283
9.6628,-56.8106,54.2283
9.6628,-56.8106,54.2283
9.6628,-56.8106,54.2283
9.6628,-56.8106,54.2283
9.6628,-56.8106,54.2283
9.6628,-56.8106,54.2283
12.9948,-54.6448,54.3949
12.9948,-54.6448,54.3949
12.9948,-54.6448,54.3949
12.9948,-54.6448,54.3949
12.9948,-54.6448,54.3949
12.9948,-54.6448,54.3949
12.9948,-54.6448,54.3949
12.9948,-54.6448,54.3949
12.9948,-54.6448,54.3949
12.9948,-54.6448,54.3949
12.9948,-54.6448,54.3949
12.9948,-54.6448,54.3949
14.2443,-55.0613,55.2279
14.2443,-55.0613,55.2279
14.2443,-55.0613,55.2279
14.2443,-55.0613,55.2279
14.2443,-55.0613,55.2279
14.2443,-55.0613,55.2279
14.2443,-55.0613,55.2279
14.2443,-55.0613,55.2279
14.2443,-55.0613,55.2279
14.2443,-55.0613,55.2279
14.2443,-55.0613,55.2279
14.2443,-55.0613,55.2279
12.0785,-57.2271,56.3108
12.0785,-57.2271,56.3108
12.0785,-57.2271,56.3108
12.0785,-57.2271,56.3108
12.0785,-57.2271,56.3108
12.0785,-57.2271,56.3108
12.0785,-57.2271,56.3108
12.0785,-57.2271,56.3108
12.0785,-57.2271,56.3108
12.0785,-57.2271,56.3108
12.0785,-57.2271,56.3108
12.0785,-57.2271,56.3108
12.0785,-57.2271,56.3108
14.8274,-55.4778,57.3104
14.8274,-55.4778,57.3104
14.8274,-55.4778,57.3104
14.8274,-55.4778,57.3104
14.8274,-55.4778,57.3104
14.8274,-55.4778,57.3104
14.8274,-55.4778,57.3104
14.8274,-55.4778,57.3104
14.8274,-55.4778,57.3104
14.8274,-55.4778,57.3104
14.8274,-55.4778,57.3104
14.8274,-55.4778,57.3104
14.8274,-55.4778,57.3104
13.8278,-54.3949,54.8114
13.8278,-54.3949,54.8114
13.8278,-54.3949,54.8114
13.8278,-54.3949,54.8114
13.8278,-54.3949,54.8114
13.8278,-54.3949,54.8114
13.8278,-54.3949,54.8114
13.8278,-54.3949,54.8114
13.8278,-54.3949,54.8114
13.8278,-54.3949,54.8114
13.8278,-54.3949,54.8114
13.8278,-54.3949,54.8114
13.8278,-54.3949,54.8114
12.495,-56.644,54.6448
12.495,-56.644,54.6448
12.495,-56.644,54.6448
12.495,-56.644,54.6448
12.495,-56.644,54.6448
12.495,-56.644,54.6448
12.495,-56.644,54.6448
12.495,-56.644,54.6448
12.495,-56.644,54.6448
12.495,-56.644,54.6448
12.495,-56.644,54.6448
12.495,-56.644,54.6448
9.4129,-56.644,57.3104
9.4129,-56.644,57.3104
9.4129,-56.644,57.3104
9.4129,-56.644,57.3104
9.4129,-56.644,57.3104
9.4129,-56.644,57.3104
9.4129,-56.644,57.3104
9.4129,-56.644,57.3104
9.4129,-56.644,57.3104
9.4129,-56.644,57.3104
9.4129,-56.644,57.3104
9.4129,-56.644,57.3104
9.4129,-56.644,57.3104
14.6608,-55.9776,51.8126
14.6608,-55.9776,51.8126
14.6608,-55.9776,51.8126
14.6608,-55.9776,51.8126
14.6608,-55.9776,51.8126
14.6608,-55.9776,51.8126
14.6608,-55.9776,51.8126
14.6608,-55.9776,51.8126
14.6608,-55.9776,51.8126
14.6608,-55.9776,51.8126
14.6608,-55.9776,51.8126
14.6608,-55.9776,51.8126
14.6608,-55.9776,51.8126
14.6608,-55.9776,51.8126
13.5779,-54.6448,53.3953
13.5779,-54.6448,53.3953
13.5779,-54.6448,53.3953
13.5779,-54.6448,53.3953
13.5779,-54.6448,53.3953
13.5779,-54.6448,53.3953
13.5779,-54.6448,53.3953
13.5779,-54.6448,53.3953
13.5779,-54.6448,53.3953
13.5779,-54.6448,53.3953
13.5779,-54.6448,53.3953
13.5779,-54.6448,53.3953
13.4113,-55.0613,53.9784
13.4113,-55.0613,53.9784
13.4113,-55.0613,53.9784
13.4113,-55.0613,53.9784
13.4113,-55.0613,53.9784
13.4113,-55.0613,53.9784
13.4113,-55.0613,53.9784
13.4113,-55.0613,53.9784
13.4113,-55.0613,53.9784
13.4113,-55.0613,53.9784
13.4113,-55.0613,53.9784
13.4113,-55.0613,53.9784
13.4113,-55.0613,53.9784
13.4113,-55.0613,53.9784
12.9948,-55.811,55.4778
12.9948,-55.811,55.4778
12.9948,-55.811,55.4778
12.9948,-55.811,55.4778
12.9948,-55.811,55.4778
12.9948,-55.811,55.4778
12.9948,-55.811,55.4778
12.9948,-55.811,55.4778
12.9948,-55.811,55.4778
12.9948,-55.811,55.4778
12.9948,-55.811,55.4778
12.9948,-55.811,55.4778
13.8278,-57.477,54.2283
13.8278,-57.477,54.2283
13.8278,-57.477,54.2283
13.8278,-57.477,54.2283
13.8278,-57.477,54.2283
13.8278,-57.477,54.2283
13.8278,-57.477,54.2283
13.8278,-57.477,54.2283
13.8278,-57.477,54.2283
13.8278,-57.477,54.2283
13.8278,-57.477,54.2283
13.8278,-57.477,54.2283
13.8278,-57.477,54.2283
13.8278,-57.477,54.2283
12.2451,-52.479,53.3953
12.2451,-52.479,53.3953
12.2451,-52.479,53.3953
12.2451,-52.479,53.3953
12.2451,-52.479,53.3953
12.2451,-52.479,53.3953
12.2451,-52.479,53.3953
12.2451,-52.479,53.3953
12.2451,-52.479,53.3953
12.2451,-52.479,53.3953
12.2451,-52.479,53.3953
12.2451,-52.479,53.3953
12.9115,-58.1434,57.1438
12.9115,-58.1434,57.1438
12.9115,-58.1434,57.1438
12.9115,-58.1434,57.1438
12.9115,-58.1434,57.1438
12.9115,-58.1434,57.1438
12.9115,-58.1434,57.1438
12.9115,-58.1434,57.1438
12.9115,-58.1434,57.1438
12.9115,-58.1434,57.1438
12.9115,-58.1434,57.1438
12.9115,-58.1434,57.1438
12.9115,-58.1434,57.1438
12.9115,-58.1434,57.1438
15.4938,-56.644,55.4778
15.4938,-56.644,55.4778
15.4938,-56.644,55.4778
15.4938,-56.644,55.4778
15.4938,-56.644,55.4778
15.4938,-56.644,55.4778
15.4938,-56.644,55.4778
15.4938,-56.644,55.4778
15.4938,-56.644,55.4778
15.4938,-56.644,55.4778
15.4938,-56.644,55.4778
15.4938,-56.644,55.4778
9.7461,-56.3941,56.3108
9.7461,-56.3941,56.3108
9.7461,-56.3941,56.3108
9.7461,-56.3941,56.3108
9.7461,-56.3941,56.3108
9.7461,-56.3941,56.3108
9.7461,-56.3941,56.3108
9.7461,-56.3941,56.3108
9.7461,-56.3941,56.3108
9.7461,-56.3941,56.3108
9.7461,-56.3941,56.3108
9.7461,-56.3941,56.3108
9.7461,-56.3941,56.3108
12.9948,-56.2275,54.6448
