x,y,z
0,0,0
0,0,0
0,0,0
-0.05998948,0.135608,0.01403892
-0.05998948,0.135608,0.01403892
-0.05542097,0.1331429,0.01319698
-0.05542097,0.1331429,0.01319698
-0.05542097,0.1331429,0.01319698
-0.05542097,0.1331429,0.01319698
-0.05542097,0.1331429,0.01319698
-0.05276169,0.1307878,0.01533109
-0.05276169,0.1307878,0.01533109
-0.05276169,0.1307878,0.01533109
-0.05180786,0.1301524,0.01828776
-0.05180786,0.1301524,0.01828776
-0.0532123,0.1303149,0.0197666
-0.0532123,0.1303149,0.0197666
-0.0532123,0.1303149,0.0197666
-0.0532123,0.1303149,0.0197666
-0.05338971,0.1268812,0.02253592
-0.05338971,0.1268812,0.02253592
-0.05338971,0.1268812,0.02253592
-0.05488681,0.1271551,0.02063525
-0.05488681,0.1271551,0.02063525
-0.05488681,0.1271551,0.02063525
-0.05488681,0.1271551,0.02063525
-0.05328138,0.1293828,0.02140752
-0.05328138,0.1293828,0.02140752
-0.05220718,0.1282163,0.02083312
-0.05220718,0.1282163,0.02083312
-0.05220718,0.1282163,0.02083312
-0.05311247,0.1293717,0.02077156
-0.05311247,0.1293717,0.02077156
-0.05311247,0.1293717,0.02077156
-0.05267157,0.1312048,0.02119659
-0.05267157,0.1312048,0.02119659
-0.05267157,0.1312048,0.02119659
-0.05241514,0.1324697,0.02193827
-0.05241514,0.1324697,0.02193827
-0.05241514,0.1324697,0.02193827
-0.05241514,0.1324697,0.02193827
-0.05241514,0.1324697,0.02193827
-0.04972219,0.1322499,0.02287522
-0.04972219,0.1322499,0.02287522
-0.04972219,0.1322499,0.02287522
-0.04972219,0.1322499,0.02287522
-0.04972219,0.1322499,0.02287522
-0.04930728,0.1327833,0.02342465
-0.04930728,0.1327833,0.02342465
-0.04930728,0.1327833,0.02342465
-0.04930728,0.1327833,0.02342465
-0.04930728,0.1327833,0.02342465
-0.04903523,0.1338402,0.02551241
-0.04903523,0.1338402,0.02551241
-0.04903523,0.1338402,0.02551241
-0.04903523,0.1338402,0.02551241
-0.04903523,0.1338402,0.02551241
-0.04589975,0.1325523,0.0250805
-0.04589975,0.1325523,0.0250805
-0.04589975,0.1325523,0.0250805
-0.04619541,0.1326173,0.02212741
-0.04619541,0.1326173,0.02212741
-0.04619541,0.1326173,0.02212741
-0.04890607,0.1330278,0.01532993
-0.04890607,0.1330278,0.01532993
-0.04890607,0.1330278,0.01532993
-0.05065866,0.1320704,0.01355753
-0.05065866,0.1320704,0.01355753
-0.05065866,0.1320704,0.01355753
-0.05065866,0.1320704,0.01355753
-0.05041711,0.131852,0.00882127
-0.05041711,0.131852,0.00882127
-0.05041711,0.131852,0.00882127
-0.05087367,0.1322574,0.006105134
-0.05087367,0.1322574,0.006105134
-0.05087367,0.1322574,0.006105134
-0.04898318,0.1336644,0.004858414
-0.04898318,0.1336644,0.004858414
-0.04898318,0.1336644,0.004858414
-0.04868938,0.1369701,0.001346887
-0.04868938,0.1369701,0.001346887
-0.04868938,0.1369701,0.001346887
-0.04945274,0.1374675,0.001404787
-0.04945274,0.1374675,0.001404787
-0.04945274,0.1374675,0.001404787
-0.04945274,0.1374675,0.001404787
-0.05065062,0.1362952,0.001563359
-0.05065062,0.1362952,0.001563359
-0.05065062,0.1362952,0.001563359
-0.05234801,0.1335408,0.001963562
-0.05234801,0.1335408,0.001963562
-0.05234801,0.1335408,0.001963562
-0.05380682,0.1334956,0.000889032
-0.05380682,0.1334956,0.000889032
-0.05380682,0.1334956,0.000889032
-0.05216448,0.1341986,0.002383034
-0.05216448,0.1341986,0.002383034
-0.05034785,0.1369003,0.002333103
-0.05034785,0.1369003,0.002333103
-0.05034785,0.1369003,0.002333103
-0.05034785,0.1369003,0.002333103
-0.04978304,0.1362927,0.003304453
-0.04978304,0.1362927,0.003304453
-0.04798105,0.136061,0.004206388
-0.04798105,0.136061,0.004206388
-0.04798105,0.136061,0.004206388
-0.04661552,0.1356573,0.004812597
-0.04661552,0.1356573,0.004812597
-0.04661552,0.1356573,0.004812597
-0.04651455,0.1351734,0.005445913
-0.04651455,0.1351734,0.005445913
-0.04651455,0.1351734,0.005445913
-0.04621719,0.1342391,0.004661702
-0.04621719,0.1342391,0.004661702
-0.04621719,0.1342391,0.004661702
-0.04621719,0.1342391,0.004661702
-0.04621719,0.1342391,0.004661702
-0.0463346,0.1335127,0.004585872
-0.0463346,0.1335127,0.004585872
-0.0463346,0.1335127,0.004585872
-0.0463346,0.1335127,0.004585872
-0.04860751,0.132527,0.003112435
-0.04860751,0.132527,0.003112435
-0.04860751,0.132527,0.003112435
-0.04860751,0.132527,0.003112435
-0.04860751,0.132527,0.003112435
-0.04860751,0.132527,0.003112435
-0.04961174,0.132805,0.00414082
-0.04961174,0.132805,0.00414082
-0.04961174,0.132805,0.00414082
-0.04961174,0.132805,0.00414082
-0.04961174,0.132805,0.00414082
-0.05049587,0.1339118,0.00678782
-0.05049587,0.1339118,0.00678782
-0.05049587,0.1339118,0.00678782
-0.05049587,0.1339118,0.00678782
-0.05049587,0.1339118,0.00678782
-0.05231918,0.1349157,0.008432482
-0.05231918,0.1349157,0.008432482
-0.05231918,0.1349157,0.008432482
-0.05231918,0.1349157,0.008432482
-0.05231918,0.1349157,0.008432482
-0.05129686,0.1341027,0.008859936
-0.05129686,0.1341027,0.008859936
-0.05129686,0.1341027,0.008859936
-0.05129686,0.1341027,0.008859936
-0.05129686,0.1341027,0.008859936
-0.05178327,0.1337643,0.007970997
-0.05178327,0.1337643,0.007970997
-0.05178327,0.1337643,0.007970997
-0.05178327,0.1337643,0.007970997
-0.05178327,0.1337643,0.007970997
-0.05144457,0.1343893,0.01058715
-0.05144457,0.1343893,0.01058715
-0.05144457,0.1343893,0.01058715
-0.05144457,0.1343893,0.01058715
-0.05144457,0.1343893,0.01058715
-0.04989904,0.1340207,0.01467516
-0.04989904,0.1340207,0.01467516
-0.04989904,0.1340207,0.01467516
-0.04989904,0.1340207,0.01467516
-0.04989904,0.1340207,0.01467516
-0.0491913,0.1339205,0.01473087
-0.0491913,0.1339205,0.01473087
-0.0491913,0.1339205,0.01473087
-0.0491913,0.1339205,0.01473087
-0.05001048,0.1345728,0.0154049
-0.05001048,0.1345728,0.0154049
-0.05001048,0.1345728,0.0154049
-0.05001048,0.1345728,0.0154049
-0.05070783,0.1349169,0.01531925
-0.05070783,0.1349169,0.01531925
-0.05070783,0.1349169,0.01531925
-0.05070783,0.1349169,0.01531925
-0.05070783,0.1349169,0.01531925
-0.05119637,0.1351242,0.01649923
-0.05119637,0.1351242,0.01649923
-0.05119637,0.1351242,0.01649923
-0.05119637,0.1351242,0.01649923
-0.04966018,0.1358127,0.01627492
-0.04966018,0.1358127,0.01627492
-0.04966018,0.1358127,0.01627492
-0.04966018,0.1358127,0.01627492
-0.04966018,0.1358127,0.01627492
-0.04966018,0.1358127,0.01627492
-0.0479674,0.1362185,0.01688736
-0.0479674,0.1362185,0.01688736
-0.0479674,0.1362185,0.01688736
-0.0479674,0.1362185,0.01688736
-0.0479674,0.1362185,0.01688736
-0.04800297,0.1355747,0.01725008
-0.04800297,0.1355747,0.01725008
-0.04800297,0.1355747,0.01725008
-0.04800297,0.1355747,0.01725008
-0.04821347,0.1356184,0.01816721
-0.04821347,0.1356184,0.01816721
-0.04821347,0.1356184,0.01816721
-0.04821347,0.1356184,0.01816721
-0.04804007,0.1360512,0.01927618
-0.04804007,0.1360512,0.01927618
-0.04804007,0.1360512,0.01927618
-0.04804007,0.1360512,0.01927618
-0.04804007,0.1360512,0.01927618
-0.04760664,0.1361118,0.0196553
-0.04760664,0.1361118,0.0196553
-0.04760664,0.1361118,0.0196553
-0.04760664,0.1361118,0.0196553
-0.04760664,0.1361118,0.0196553
-0.04755326,0.1361664,0.02002963
-0.04755326,0.1361664,0.02002963
-0.04755326,0.1361664,0.02002963
-0.04755326,0.1361664,0.02002963
-0.04755326,0.1361664,0.02002963
-0.04755326,0.1361664,0.02002963
-0.04680829,0.136273,0.02066426
-0.04680829,0.136273,0.02066426
-0.04680829,0.136273,0.02066426
-0.04680829,0.136273,0.02066426
-0.04680829,0.136273,0.02066426
-0.04596122,0.135849,0.02137657
-0.04596122,0.135849,0.02137657
-0.04596122,0.135849,0.02137657
-0.04596122,0.135849,0.02137657
-0.04644397,0.1360254,0.02141498
-0.04644397,0.1360254,0.02141498
-0.04644397,0.1360254,0.02141498
-0.04644397,0.1360254,0.02141498
-0.04688672,0.135473,0.02235577
-0.04688672,0.135473,0.02235577
-0.04688672,0.135473,0.02235577
-0.04688672,0.135473,0.02235577
-0.04688672,0.135473,0.02235577
-0.04688672,0.135473,0.02235577
-0.04666421,0.135925,0.02245824
-0.04666421,0.135925,0.02245824
-0.04666421,0.135925,0.02245824
-0.04666421,0.135925,0.02245824
-0.04666421,0.135925,0.02245824
-0.0460191,0.1359811,0.02269208
-0.0460191,0.1359811,0.02269208
-0.0460191,0.1359811,0.02269208
-0.0460191,0.1359811,0.02269208
-0.0460191,0.1359811,0.02269208
-0.04575729,0.1366323,0.02311364
-0.04575729,0.1366323,0.02311364
-0.04575729,0.1366323,0.02311364
-0.04575729,0.1366323,0.02311364
-0.04576275,0.136875,0.02370903
-0.04576275,0.136875,0.02370903
-0.04576275,0.136875,0.02370903
-0.04576275,0.136875,0.02370903
-0.04576275,0.136875,0.02370903
-0.04633575,0.1370682,0.02458124
-0.04633575,0.1370682,0.02458124
-0.04633575,0.1370682,0.02458124
-0.04633575,0.1370682,0.02458124
-0.04633575,0.1370682,0.02458124
-0.04560098,0.1368805,0.02712865
-0.04560098,0.1368805,0.02712865
-0.04560098,0.1368805,0.02712865
-0.04560098,0.1368805,0.02712865
-0.04560098,0.1368805,0.02712865
-0.0442191,0.1365997,0.03156435
-0.0442191,0.1365997,0.03156435
-0.0442191,0.1365997,0.03156435
-0.0442191,0.1365997,0.03156435
-0.0442191,0.1365997,0.03156435
-0.04394491,0.1361481,0.0312865
-0.04394491,0.1361481,0.0312865
-0.04394491,0.1361481,0.0312865
-0.04394491,0.1361481,0.0312865
-0.04394491,0.1361481,0.0312865
-0.04426524,0.1360694,0.03093812
-0.04426524,0.1360694,0.03093812
-0.04426524,0.1360694,0.03093812
-0.04426524,0.1360694,0.03093812
-0.04542426,0.1370204,0.03158952
-0.04542426,0.1370204,0.03158952
-0.04542426,0.1370204,0.03158952
-0.04542426,0.1370204,0.03158952
-0.04542426,0.1370204,0.03158952
-0.04434134,0.137214,0.03356314
-0.04434134,0.137214,0.03356314
-0.04434134,0.137214,0.03356314
-0.04434134,0.137214,0.03356314
-0.04434134,0.137214,0.03356314
-0.04407978,0.1371138,0.0318746
-0.04407978,0.1371138,0.0318746
-0.04407978,0.1371138,0.0318746
-0.04407978,0.1371138,0.0318746
-0.04407978,0.1371138,0.0318746
-0.04470765,0.1370454,0.03225419
-0.04470765,0.1370454,0.03225419
-0.04470765,0.1370454,0.03225419
-0.04470765,0.1370454,0.03225419
-0.04470765,0.1370454,0.03225419
-0.04485882,0.1371871,0.03416805
-0.04485882,0.1371871,0.03416805
-0.04485882,0.1371871,0.03416805
-0.04485882,0.1371871,0.03416805
-0.04459939,0.1369428,0.03420023
-0.04459939,0.1369428,0.03420023
-0.04459939,0.1369428,0.03420023
-0.04459939,0.1369428,0.03420023
-0.04459939,0.1369428,0.03420023
-0.04459939,0.1369428,0.03420023
-0.04376935,0.1367527,0.03554562
-0.04376935,0.1367527,0.03554562
-0.04376935,0.1367527,0.03554562
-0.04376935,0.1367527,0.03554562
-0.04255873,0.1363364,0.03666628
-0.04255873,0.1363364,0.03666628
-0.04255873,0.1363364,0.03666628
-0.04255873,0.1363364,0.03666628
-0.04255873,0.1363364,0.03666628
-0.04375602,0.1363274,0.03785736
-0.04375602,0.1363274,0.03785736
-0.04375602,0.1363274,0.03785736
-0.04375602,0.1363274,0.03785736
-0.04375602,0.1363274,0.03785736
-0.04379375,0.1371423,0.03871062
-0.04379375,0.1371423,0.03871062
-0.04379375,0.1371423,0.03871062
-0.04379375,0.1371423,0.03871062
-0.04345776,0.1366948,0.03915137
-0.04345776,0.1366948,0.03915137
-0.04345776,0.1366948,0.03915137
-0.04345776,0.1366948,0.03915137
-0.04345776,0.1366948,0.03915137
-0.04339159,0.1358608,0.03918539
-0.04339159,0.1358608,0.03918539
-0.04339159,0.1358608,0.03918539
-0.04339159,0.1358608,0.03918539
-0.04339159,0.1358608,0.03918539
-0.04255094,0.1360093,0.03847288
-0.04255094,0.1360093,0.03847288
-0.04255094,0.1360093,0.03847288
-0.04255094,0.1360093,0.03847288
-0.04246041,0.1358801,0.03840168
-0.04246041,0.1358801,0.03840168
-0.04246041,0.1358801,0.03840168
-0.04246041,0.1358801,0.03840168
-0.04338742,0.1357651,0.03836457
-0.04338742,0.1357651,0.03836457
-0.04338742,0.1357651,0.03836457
-0.04338742,0.1357651,0.03836457
-0.04338742,0.1357651,0.03836457
-0.04338742,0.1357651,0.03836457
-0.04453809,0.1356542,0.03881372
-0.04453809,0.1356542,0.03881372
-0.04453809,0.1356542,0.03881372
-0.04453809,0.1356542,0.03881372
-0.04453809,0.1356542,0.03881372
-0.04506594,0.135087,0.03787985
-0.04506594,0.135087,0.03787985
-0.04506594,0.135087,0.03787985
-0.04506594,0.135087,0.03787985
-0.04608713,0.1347729,0.03252018
-0.04608713,0.1347729,0.03252018
-0.04608713,0.1347729,0.03252018
-0.04608713,0.1347729,0.03252018
-0.04608713,0.1347729,0.03252018
-0.0506256,0.1387653,-0.003105981
-0.0506256,0.1387653,-0.003105981
-0.0506256,0.1387653,-0.003105981
-0.0506256,0.1387653,-0.003105981
-0.0506256,0.1387653,-0.003105981
-0.07831766,0.1366336,-0.1487994
-0.07831766,0.1366336,-0.1487994
-0.07831766,0.1366336,-0.1487994
-0.07831766,0.1366336,-0.1487994
-0.07831766,0.1366336,-0.1487994
-0.1279767,0.1227815,-0.3424015
-0.1279767,0.1227815,-0.3424015
-0.1279767,0.1227815,-0.3424015
-0.1279767,0.1227815,-0.3424015
-0.1279767,0.1227815,-0.3424015
-0.1756756,0.1034588,-0.5425401
-0.1756756,0.1034588,-0.5425401
-0.1756756,0.1034588,-0.5425401
-0.1756756,0.1034588,-0.5425401
-0.1756756,0.1034588,-0.5425401
-0.1960001,0.08101215,-0.6996656
-0.1960001,0.08101215,-0.6996656
-0.1960001,0.08101215,-0.6996656
-0.1960001,0.08101215,-0.6996656
-0.1960001,0.08101215,-0.6996656
-0.1919866,0.05166879,-0.7914197
-0.1919866,0.05166879,-0.7914197
-0.1919866,0.05166879,-0.7914197
-0.1919866,0.05166879,-0.7914197
-0.1894946,0.03854486,-0.8205985
-0.1894946,0.03854486,-0.8205985
-0.1894946,0.03854486,-0.8205985
-0.1894946,0.03854486,-0.8205985
-0.1894946,0.03854486,-0.8205985
-0.1892326,0.03730068,-0.8191289
-0.1892326,0.03730068,-0.8191289
-0.1892326,0.03730068,-0.8191289
-0.1892326,0.03730068,-0.8191289
-0.1892326,0.03730068,-0.8191289
-0.1880987,0.03736443,-0.8153249
-0.1880987,0.03736443,-0.8153249
-0.1880987,0.03736443,-0.8153249
-0.1880987,0.03736443,-0.8153249
-0.1880987,0.03736443,-0.8153249
-0.1870752,0.03756757,-0.8132696
-0.1870752,0.03756757,-0.8132696
-0.1870752,0.03756757,-0.8132696
-0.1870752,0.03756757,-0.8132696
-0.1870752,0.03756757,-0.8132696
-0.1874477,0.04063316,-0.8113075
-0.1874477,0.04063316,-0.8113075
-0.1874477,0.04063316,-0.8113075
-0.1874477,0.04063316,-0.8113075
-0.1891118,0.04470216,-0.8087102
-0.1891118,0.04470216,-0.8087102
-0.1891118,0.04470216,-0.8087102
-0.1891118,0.04470216,-0.8087102
-0.1888331,0.04663336,-0.8066406
-0.1870501,0.04535428,-0.8060232
-0.1870501,0.04535428,-0.8060232
-0.1820263,0.04414435,-0.8075343
-0.1820263,0.04414435,-0.8075343
-0.1768307,0.03902837,-0.8075345
-0.1710928,0.03652177,-0.8105089
-0.1710928,0.03652177,-0.8105089
-0.1649825,0.03311659,-0.8098766
-0.1649825,0.03311659,-0.8098766
-0.1649825,0.03311659,-0.8098766
-0.1649825,0.03311659,-0.8098766
-0.1627341,0.0302547,-0.8089699
-0.1627341,0.0302547,-0.8089699
-0.1627341,0.0302547,-0.8089699
-0.1618307,0.03095703,-0.8083781
-0.1618307,0.03095703,-0.8083781
-0.1618307,0.03095703,-0.8083781
-0.1608576,0.03186345,-0.8089722
-0.1608576,0.03186345,-0.8089722
-0.1608576,0.03186345,-0.8089722
-0.1608576,0.03186345,-0.8089722
-0.160123,0.03164366,-0.8097327
-0.160123,0.03164366,-0.8097327
-0.160123,0.03164366,-0.8097327
-0.160123,0.03164366,-0.8097327
-0.1604123,0.03207969,-0.8096246
-0.1604123,0.03207969,-0.8096246
-0.1604123,0.03207969,-0.8096246
-0.1613353,0.03426905,-0.8085925
-0.1613353,0.03426905,-0.8085925
-0.1613353,0.03426905,-0.8085925
-0.1613353,0.03426905,-0.8085925
-0.1624482,0.03783644,-0.8067955
-0.1624482,0.03783644,-0.8067955
-0.1624482,0.03783644,-0.8067955
-0.1625976,0.03919491,-0.8053214
-0.1625976,0.03919491,-0.8053214
-0.1625976,0.03919491,-0.8053214
-0.162399,0.03987156,-0.8044676
-0.162399,0.03987156,-0.8044676
-0.1621991,0.04049646,-0.8043839
-0.1621991,0.04049646,-0.8043839
-0.1621991,0.04049646,-0.8043839
-0.1621991,0.04049646,-0.8043839
-0.1617877,0.03972401,-0.8041729
-0.1617877,0.03972401,-0.8041729
-0.1617877,0.03972401,-0.8041729
-0.1614426,0.03928446,-0.8042694
-0.1614426,0.03928446,-0.8042694
-0.1614426,0.03928446,-0.8042694
-0.1614426,0.03928446,-0.8042694
-0.1611716,0.03965542,-0.8037781
-0.1611716,0.03965542,-0.8037781
-0.1611716,0.03965542,-0.8037781
-0.1611716,0.03965542,-0.8037781
-0.1614821,0.04069991,-0.8032271
-0.1614821,0.04069991,-0.8032271
-0.1614821,0.04069991,-0.8032271
-0.1614821,0.04069991,-0.8032271
-0.1617176,0.04177531,-0.8023745
-0.1617176,0.04177531,-0.8023745
-0.1617176,0.04177531,-0.8023745
-0.1617176,0.04177531,-0.8023745
-0.1617176,0.04177531,-0.8023745
-0.1622456,0.0424822,-0.8016343
-0.1622456,0.0424822,-0.8016343
-0.1622456,0.0424822,-0.8016343
-0.1622456,0.0424822,-0.8016343
-0.1624234,0.04326008,-0.800366
-0.1624234,0.04326008,-0.800366
-0.1624234,0.04326008,-0.800366
-0.1624234,0.04326008,-0.800366
-0.162304,0.04366451,-0.7992017
-0.162304,0.04366451,-0.7992017
-0.162304,0.04366451,-0.7992017
-0.162304,0.04366451,-0.7992017
-0.162304,0.04366451,-0.7992017
-0.162487,0.0445106,-0.798211
-0.162487,0.0445106,-0.798211
-0.162487,0.0445106,-0.798211
-0.162487,0.0445106,-0.798211
-0.1617912,0.0454123,-0.7979231
-0.1617912,0.0454123,-0.7979231
-0.1617912,0.0454123,-0.7979231
-0.1617912,0.0454123,-0.7979231
-0.1617912,0.0454123,-0.7979231
-0.1615924,0.04570479,-0.7979369
-0.1615924,0.04570479,-0.7979369
-0.1615924,0.04570479,-0.7979369
-0.1615924,0.04570479,-0.7979369
-0.1619906,0.04646159,-0.7978339
-0.1619906,0.04646159,-0.7978339
-0.1619906,0.04646159,-0.7978339
-0.1626584,0.04647136,-0.7976195
-0.1626584,0.04647136,-0.7976195
-0.1626584,0.04647136,-0.7976195
-0.163009,0.04617601,-0.7971857
-0.163009,0.04617601,-0.7971857
-0.163009,0.04617601,-0.7971857
-0.163009,0.04617601,-0.7971857
-0.1635213,0.04667675,-0.7957301
-0.1635213,0.04667675,-0.7957301
-0.1635213,0.04667675,-0.7957301
-0.1638644,0.0464652,-0.7954412
-0.1638644,0.0464652,-0.7954412
-0.1638644,0.0464652,-0.7954412
-0.1637044,0.04700818,-0.7950984
-0.1637044,0.04700818,-0.7950984
-0.1637044,0.04700818,-0.7950984
-0.1637044,0.04700818,-0.7950984
-0.1642903,0.04791113,-0.7954107
-0.1642903,0.04791113,-0.7954107
-0.1642903,0.04791113,-0.7954107
-0.1668455,0.05163241,-0.7943118
-0.1668455,0.05163241,-0.7943118
-0.1692749,0.05417936,-0.7934974
-0.1692749,0.05417936,-0.7934974
-0.1692749,0.05417936,-0.7934974
-0.1692749,0.05417936,-0.7934974
-0.169018,0.05299642,-0.7935013
-0.169018,0.05299642,-0.7935013
-0.169018,0.05299642,-0.7935013
-0.1686039,0.05357432,-0.7931441
-0.1686039,0.05357432,-0.7931441
-0.1686039,0.05357432,-0.7931441
-0.1686039,0.05357432,-0.7931441
-0.1676518,0.05391848,-0.7927735
-0.1676518,0.05391848,-0.7927735
-0.1676518,0.05391848,-0.7927735
-0.1676518,0.05391848,-0.7927735
-0.1674793,0.05495582,-0.7923287
-0.1674793,0.05495582,-0.7923287
-0.1674793,0.05495582,-0.7923287
-0.1674793,0.05495582,-0.7923287
-0.168453,0.05476442,-0.79298
-0.168453,0.05476442,-0.79298
-0.168453,0.05476442,-0.79298
-0.168453,0.05476442,-0.79298
-0.1698121,0.05399636,-0.7940978
-0.1698121,0.05399636,-0.7940978
-0.1698121,0.05399636,-0.7940978
-0.1706866,0.0533972,-0.7942174
-0.1706866,0.0533972,-0.7942174
-0.1706866,0.0533972,-0.7942174
-0.1706866,0.0533972,-0.7942174
-0.1710216,0.05355563,-0.7938774
-0.1710216,0.05355563,-0.7938774
-0.1710216,0.05355563,-0.7938774
-0.1710216,0.05355563,-0.7938774
-0.170705,0.05434937,-0.7933295
-0.170705,0.05434937,-0.7933295
-0.170705,0.05434937,-0.7933295
-0.170705,0.05434937,-0.7933295
-0.1705696,0.05553369,-0.7928578
-0.1705696,0.05553369,-0.7928578
-0.1705696,0.05553369,-0.7928578
-0.1705696,0.05553369,-0.7928578
-0.1701649,0.05541143,-0.7922732
-0.1701649,0.05541143,-0.7922732
-0.1701649,0.05541143,-0.7922732
-0.1701649,0.05541143,-0.7922732
-0.1702377,0.05565921,-0.7916365
-0.1702377,0.05565921,-0.7916365
-0.1702377,0.05565921,-0.7916365
-0.1701857,0.05557494,-0.7912824
-0.1701857,0.05557494,-0.7912824
-0.1701857,0.05557494,-0.7912824
-0.1701857,0.05557494,-0.7912824
-0.1703476,0.05587907,-0.7915028
-0.1703476,0.05587907,-0.7915028
-0.1703476,0.05587907,-0.7915028
-0.1703476,0.05587907,-0.7915028
-0.1708897,0.05667941,-0.7916982
-0.1708897,0.05667941,-0.7916982
-0.1708897,0.05667941,-0.7916982
-0.1708897,0.05667941,-0.7916982
-0.1708897,0.05667941,-0.7916982
-0.1708001,0.05773616,-0.7911218
-0.1708001,0.05773616,-0.7911218
-0.1708001,0.05773616,-0.7911218
-0.1708001,0.05773616,-0.7911218
-0.1711201,0.05759957,-0.7910297
-0.1711201,0.05759957,-0.7910297
-0.1711201,0.05759957,-0.7910297
-0.1711201,0.05759957,-0.7910297
-0.1711201,0.05759957,-0.7910297
-0.1716755,0.05686294,-0.7906035
-0.1716755,0.05686294,-0.7906035
-0.1716755,0.05686294,-0.7906035
-0.1716755,0.05686294,-0.7906035
-0.1716755,0.05686294,-0.7906035
-0.172218,0.05626912,-0.7908782
-0.172218,0.05626912,-0.7908782
-0.172218,0.05626912,-0.7908782
-0.172218,0.05626912,-0.7908782
-0.172218,0.05626912,-0.7908782
-0.1729406,0.05659903,-0.7908685
-0.1729406,0.05659903,-0.7908685
-0.1729406,0.05659903,-0.7908685
-0.1729406,0.05659903,-0.7908685
-0.1727197,0.05726112,-0.7905526
-0.1727197,0.05726112,-0.7905526
-0.1727197,0.05726112,-0.7905526
-0.1727197,0.05726112,-0.7905526
-0.1723981,0.05852668,-0.7901257
-0.1723981,0.05852668,-0.7901257
-0.1723981,0.05852668,-0.7901257
-0.1723981,0.05852668,-0.7901257
-0.172498,0.05873508,-0.7901381
-0.172498,0.05873508,-0.7901381
-0.172498,0.05873508,-0.7901381
-0.172498,0.05873508,-0.7901381
-0.172498,0.05873508,-0.7901381
-0.1726183,0.05827941,-0.7902867
-0.1726183,0.05827941,-0.7902867
-0.1726183,0.05827941,-0.7902867
-0.1726183,0.05827941,-0.7902867
-0.1726183,0.05827941,-0.7902867
-0.1725709,0.05796278,-0.7905081
-0.1725709,0.05796278,-0.7905081
-0.1725709,0.05796278,-0.7905081
-0.1725709,0.05796278,-0.7905081
-0.1725709,0.05796278,-0.7905081
-0.1722601,0.05837925,-0.7904301
-0.1722601,0.05837925,-0.7904301
-0.1722601,0.05837925,-0.7904301
-0.1722601,0.05837925,-0.7904301
-0.1722601,0.05837925,-0.7904301
-0.1711694,0.05855811,-0.7906007
-0.1711694,0.05855811,-0.7906007
-0.1711694,0.05855811,-0.7906007
-0.1711694,0.05855811,-0.7906007
-0.1711694,0.05855811,-0.7906007
-0.171949,0.05949503,-0.7905397
-0.171949,0.05949503,-0.7905397
-0.171949,0.05949503,-0.7905397
-0.1729815,0.06051442,-0.7899993
-0.1729815,0.06051442,-0.7899993
-0.1729815,0.06051442,-0.7899993
-0.1729815,0.06051442,-0.7899993
-0.1730002,0.0613116,-0.7891876
-0.1730002,0.0613116,-0.7891876
-0.1730002,0.0613116,-0.7891876
-0.1730002,0.0613116,-0.7891876
-0.1731758,0.06081185,-0.7893279
-0.1731758,0.06081185,-0.7893279
-0.1731758,0.06081185,-0.7893279
-0.1735874,0.06132454,-0.7890244
-0.1735874,0.06132454,-0.7890244
-0.1735874,0.06132454,-0.7890244
-0.1735874,0.06132454,-0.7890244
-0.1735874,0.06132454,-0.7890244
-0.1737204,0.06158336,-0.7888893
-0.1737204,0.06158336,-0.7888893
-0.1737204,0.06158336,-0.7888893
-0.1737204,0.06158336,-0.7888893
-0.1737824,0.05990256,-0.7891368
-0.1737824,0.05990256,-0.7891368
-0.1737824,0.05990256,-0.7891368
-0.1737824,0.05990256,-0.7891368
-0.1737824,0.05990256,-0.7891368
-0.1741356,0.05925782,-0.789296
-0.1741356,0.05925782,-0.789296
-0.1741356,0.05925782,-0.789296
-0.1741356,0.05925782,-0.789296
-0.1744466,0.0600053,-0.7891282
-0.1744466,0.0600053,-0.7891282
-0.1744466,0.0600053,-0.7891282
-0.1744466,0.0600053,-0.7891282
-0.1744466,0.0600053,-0.7891282
-0.1744466,0.0600053,-0.7891282
-0.1749119,0.06114889,-0.7891188
-0.1749119,0.06114889,-0.7891188
-0.1749119,0.06114889,-0.7891188
-0.1751757,0.06182987,-0.7889292
-0.1751757,0.06182987,-0.7889292
-0.1751757,0.06182987,-0.7889292
-0.1751757,0.06182987,-0.7889292
-0.1751757,0.06182987,-0.7889292
-0.1758454,0.06171111,-0.7888002
-0.1758454,0.06171111,-0.7888002
-0.1758454,0.06171111,-0.7888002
-0.1758454,0.06171111,-0.7888002
-0.1758454,0.06171111,-0.7888002
-0.1759957,0.06143269,-0.7898713
-0.1759957,0.06143269,-0.7898713
-0.1759957,0.06143269,-0.7898713
-0.1759957,0.06143269,-0.7898713
-0.1804999,0.05800281,-0.7985854
-0.1804999,0.05800281,-0.7985854
-0.1804999,0.05800281,-0.7985854
-0.1804999,0.05800281,-0.7985854
-0.1804999,0.05800281,-0.7985854
-0.2025218,0.03596445,-0.8380128
-0.2025218,0.03596445,-0.8380128
-0.2025218,0.03596445,-0.8380128
-0.2025218,0.03596445,-0.8380128
-0.2283345,-0.001247428,-0.9033291
-0.2283345,-0.001247428,-0.9033291
-0.2283345,-0.001247428,-0.9033291
-0.2283345,-0.001247428,-0.9033291
-0.2378273,-0.02391091,-0.9571978
-0.2378273,-0.02391091,-0.9571978
-0.2378273,-0.02391091,-0.9571978
-0.2174802,-0.02388101,-0.9757694
-0.2174802,-0.02388101,-0.9757694
-0.2174802,-0.02388101,-0.9757694
-0.1973052,-0.009193324,-0.9776703
-0.1973052,-0.009193324,-0.9776703
-0.1973052,-0.009193324,-0.9776703
-0.1886803,0.001615965,-0.9789099
-0.1886803,0.001615965,-0.9789099
-0.1886803,0.001615965,-0.9789099
-0.1886803,0.001615965,-0.9789099
-0.1882384,-0.00413592,-0.9794368
-0.1882384,-0.00413592,-0.9794368
-0.1882384,-0.00413592,-0.9794368
-0.1882384,-0.00413592,-0.9794368
-0.1882384,-0.00413592,-0.9794368
-0.1900793,-0.0008649202,-0.9795237
-0.1900793,-0.0008649202,-0.9795237
-0.1900793,-0.0008649202,-0.9795237
-0.1900793,-0.0008649202,-0.9795237
-0.1925831,0.007367088,-0.9792677
-0.1925831,0.007367088,-0.9792677
-0.1925831,0.007367088,-0.9792677
-0.1919147,0.005759617,-0.9796571
-0.1919147,0.005759617,-0.9796571
-0.1919147,0.005759617,-0.9796571
-0.1919147,0.005759617,-0.9796571
-0.1926062,0.006647529,-0.979622
-0.1926062,0.006647529,-0.979622
-0.1926062,0.006647529,-0.979622
-0.1932503,0.006608352,-0.9795294
-0.1932503,0.006608352,-0.9795294
-0.1930689,0.00858694,-0.9797547
-0.1930689,0.00858694,-0.9797547
-0.1930689,0.00858694,-0.9797547
-0.1930689,0.00858694,-0.9797547
-0.1917142,0.005909999,-0.9800852
-0.1917142,0.005909999,-0.9800852
-0.1917142,0.005909999,-0.9800852
-0.1924119,0.005846605,-0.9800081
-0.1924119,0.005846605,-0.9800081
-0.1924119,0.005846605,-0.9800081
-0.1924119,0.005846605,-0.9800081
-0.194418,0.00791419,-0.9795101
-0.194418,0.00791419,-0.9795101
-0.194418,0.00791419,-0.9795101
-0.1955284,0.009623205,-0.9792202
-0.1955284,0.009623205,-0.9792202
-0.1955284,0.009623205,-0.9792202
-0.1955284,0.009623205,-0.9792202
-0.1955899,0.01214345,-0.979244
-0.1955899,0.01214345,-0.979244
-0.1955899,0.01214345,-0.979244
-0.1952916,0.01084944,-0.9793593
-0.1952916,0.01084944,-0.9793593
-0.1952916,0.01084944,-0.9793593
-0.1952916,0.01084944,-0.9793593
-0.1955462,0.01147146,-0.9793493
-0.1955462,0.01147146,-0.9793493
-0.1955462,0.01147146,-0.9793493
-0.1939731,0.01467636,-0.9797696
-0.1939731,0.01467636,-0.9797696
-0.1939731,0.01467636,-0.9797696
-0.194636,0.01459926,-0.9797488
-0.194636,0.01459926,-0.9797488
-0.194636,0.01459926,-0.9797488
-0.1946065,0.01666783,-0.9800565
-0.1946065,0.01666783,-0.9800565
-0.1957528,0.01411732,-0.9800634
-0.1951425,0.01506197,-0.9802512
-0.1947083,0.01446479,-0.9803589
-0.196582,0.01702446,-0.9800404
-0.1962441,0.01862131,-0.9800924
-0.1977677,0.02090385,-0.9796682
-0.1980723,0.01968463,-0.9796265
-0.1991206,0.02100078,-0.9794098
-0.1970098,0.02039214,-0.9798979
-0.1968625,0.02120326,-0.9799467
-0.1964046,0.02095915,-0.9799948
-0.1975787,0.02245111,-0.9797071
-0.1941958,0.02034474,-0.9804118
-0.1941958,0.02034474,-0.9804118
-0.1941958,0.02034474,-0.9804118
-0.1941958,0.02034474,-0.9804118
-0.1941958,0.02034474,-0.9804118
-0.1941958,0.02034474,-0.9804118
-0.1935039,0.02107823,-0.9805527
-0.1935039,0.02107823,-0.9805527
-0.1935039,0.02107823,-0.9805527
-0.1935039,0.02107823,-0.9805527
-0.1935157,0.0207491,-0.9805291
-0.1935157,0.0207491,-0.9805291
-0.1935157,0.0207491,-0.9805291
-0.1933789,0.02118076,-0.9805276
-0.1933789,0.02118076,-0.9805276
-0.1933789,0.02118076,-0.9805276
-0.1937488,0.02160215,-0.9804759
-0.1937488,0.02160215,-0.9804759
-0.1937488,0.02160215,-0.9804759
-0.1937488,0.02160215,-0.9804759
-0.1942456,0.02456479,-0.9803768
-0.1942456,0.02456479,-0.9803768
-0.1942456,0.02456479,-0.9803768
-0.1934067,0.02314921,-0.9806078
-0.1934067,0.02314921,-0.9806078
-0.1934067,0.02314921,-0.9806078
-0.1934866,0.021326,-0.9805974
-0.1934866,0.021326,-0.9805974
-0.1934866,0.021326,-0.9805974
-0.1949491,0.024225,-0.9803324
-0.1949491,0.024225,-0.9803324
-0.1949491,0.024225,-0.9803324
-0.1955818,0.02577543,-0.9801696
-0.1955818,0.02577543,-0.9801696
-0.1955818,0.02577543,-0.9801696
-0.1955818,0.02577543,-0.9801696
-0.1964297,0.02505255,-0.9800029
-0.1964297,0.02505255,-0.9800029
-0.1970587,0.02541822,-0.9798784
-0.1970587,0.02541822,-0.9798784
-0.1970587,0.02541822,-0.9798784
-0.1959743,0.02519556,-0.9800776
-0.1959743,0.02519556,-0.9800776
-0.1959743,0.02519556,-0.9800776
-0.1959743,0.02519556,-0.9800776
-0.1950307,0.02377661,-0.9802199
-0.1950307,0.02377661,-0.9802199
-0.1950307,0.02377661,-0.9802199
-0.195369,0.02530376,-0.9800826
-0.195369,0.02530376,-0.9800826
-0.195369,0.02530376,-0.9800826
-0.195369,0.02530376,-0.9800826
-0.1948011,0.02636581,-0.9801765
-0.1948011,0.02636581,-0.9801765
-0.1949305,0.02332313,-0.9801716
-0.1949305,0.02332313,-0.9801716
-0.1949305,0.02332313,-0.9801716
-0.1960057,0.02189448,-0.9799677
-0.1960057,0.02189448,-0.9799677
-0.1960057,0.02189448,-0.9799677
-0.1960057,0.02189448,-0.9799677
-0.1967674,0.02209811,-0.9797468
-0.1967674,0.02209811,-0.9797468
-0.1967674,0.02209811,-0.9797468
-0.1975248,0.02168298,-0.979534
-0.1975248,0.02168298,-0.979534
-0.1975248,0.02168298,-0.979534
-0.1975248,0.02168298,-0.979534
-0.1967923,0.02125083,-0.9797297
-0.1967923,0.02125083,-0.9797297
-0.1964805,0.0222115,-0.979857
-0.1964805,0.0222115,-0.979857
-0.1964805,0.0222115,-0.979857
-0.1964805,0.0222115,-0.979857
-0.195503,0.02285986,-0.9801412
-0.195503,0.02285986,-0.9801412
-0.195503,0.02285986,-0.9801412
-0.195503,0.02285986,-0.9801412
-0.195503,0.02285986,-0.9801412
-0.1949694,0.02209154,-0.9803901
-0.1949694,0.02209154,-0.9803901
-0.1949694,0.02209154,-0.9803901
-0.1949694,0.02209154,-0.9803901
-0.1949694,0.02209154,-0.9803901
-0.1957221,0.02430344,-0.9803565
-0.1957221,0.02430344,-0.9803565
-0.1957221,0.02430344,-0.9803565
-0.1957221,0.02430344,-0.9803565
-0.1957221,0.02430344,-0.9803565
-0.2009577,0.03930568,-0.9755271
-0.2009577,0.03930568,-0.9755271
-0.2009577,0.03930568,-0.9755271
-0.2009577,0.03930568,-0.9755271
-0.2068663,0.0656936,-0.9395319
-0.2068663,0.0656936,-0.9395319
-0.2068663,0.0656936,-0.9395319
-0.2068663,0.0656936,-0.9395319
-0.2104483,0.08083059,-0.8608616
-0.2104483,0.08083059,-0.8608616
-0.2104483,0.08083059,-0.8608616
-0.2104483,0.08083059,-0.8608616
-0.2104483,0.08083059,-0.8608616
-0.1886683,0.1004283,-0.7368873
-0.1886683,0.1004283,-0.7368873
-0.1886683,0.1004283,-0.7368873
-0.1886683,0.1004283,-0.7368873
-0.1710759,0.09619284,-0.6997676
-0.1710759,0.09619284,-0.6997676
-0.1710759,0.09619284,-0.6997676
-0.1710759,0.09619284,-0.6997676
-0.1710759,0.09619284,-0.6997676
-0.1441732,0.08319291,-0.6683185
-0.1441732,0.08319291,-0.6683185
-0.1441732,0.08319291,-0.6683185
-0.1441732,0.08319291,-0.6683185
-0.1554457,0.1020065,-0.6756356
-0.1554457,0.1020065,-0.6756356
-0.1554457,0.1020065,-0.6756356
-0.1729041,0.1146346,-0.6947818
-0.1729041,0.1146346,-0.6947818
-0.1729041,0.1146346,-0.6947818
-0.1729041,0.1146346,-0.6947818
-0.18178,0.1162712,-0.6991796
-0.18178,0.1162712,-0.6991796
-0.18178,0.1162712,-0.6991796
-0.18178,0.1162712,-0.6991796
-0.1844194,0.1265239,-0.6933037
-0.1844194,0.1265239,-0.6933037
-0.1844194,0.1265239,-0.6933037
-0.1844194,0.1265239,-0.6933037
-0.1844194,0.1265239,-0.6933037
-0.1807747,0.1303593,-0.6891534
-0.1807747,0.1303593,-0.6891534
-0.1807747,0.1303593,-0.6891534
-0.1807747,0.1303593,-0.6891534
-0.1822406,0.1343515,-0.6855856
-0.1822406,0.1343515,-0.6855856
-0.1822406,0.1343515,-0.6855856
-0.1822406,0.1343515,-0.6855856
-0.1850271,0.1398108,-0.6849999
-0.1850271,0.1398108,-0.6849999
-0.1850271,0.1398108,-0.6849999
-0.1850271,0.1398108,-0.6849999
-0.1850271,0.1398108,-0.6849999
-0.187197,0.1426954,-0.6843928
-0.187197,0.1426954,-0.6843928
-0.187197,0.1426954,-0.6843928
-0.187197,0.1426954,-0.6843928
-0.1839882,0.1420402,-0.6850353
-0.1839882,0.1420402,-0.6850353
-0.1839882,0.1420402,-0.6850353
-0.1839882,0.1420402,-0.6850353
-0.1839882,0.1420402,-0.6850353
-0.1829132,0.1402986,-0.6876669
-0.1829132,0.1402986,-0.6876669
-0.1829132,0.1402986,-0.6876669
-0.1814695,0.1401235,-0.6864814
-0.1814695,0.1401235,-0.6864814
-0.1814695,0.1401235,-0.6864814
-0.1814695,0.1401235,-0.6864814
-0.1794173,0.1411226,-0.686583
-0.1794173,0.1411226,-0.686583
-0.1794173,0.1411226,-0.686583
-0.1794173,0.1411226,-0.686583
-0.1794173,0.1411226,-0.686583
-0.1793173,0.1418665,-0.6881649
-0.1793173,0.1418665,-0.6881649
-0.1793173,0.1418665,-0.6881649
-0.1793173,0.1418665,-0.6881649
-0.1793173,0.1418665,-0.6881649
-0.1781944,0.1421227,-0.6879972
-0.1781944,0.1421227,-0.6879972
-0.1781944,0.1421227,-0.6879972
-0.1781944,0.1421227,-0.6879972
-0.1781944,0.1421227,-0.6879972
-0.1776305,0.1424551,-0.6879034
-0.1776305,0.1424551,-0.6879034
-0.1776305,0.1424551,-0.6879034
-0.1776305,0.1424551,-0.6879034
-0.1790367,0.1418655,-0.6893454
-0.1790367,0.1418655,-0.6893454
-0.1790367,0.1418655,-0.6893454
-0.1790367,0.1418655,-0.6893454
-0.1801051,0.1405019,-0.6911229
-0.1801051,0.1405019,-0.6911229
-0.1801051,0.1405019,-0.6911229
-0.1801051,0.1405019,-0.6911229
-0.1804183,0.1408831,-0.6913203
-0.1804183,0.1408831,-0.6913203
-0.1804183,0.1408831,-0.6913203
-0.1804183,0.1408831,-0.6913203
-0.1804183,0.1408831,-0.6913203
-0.1795797,0.1404275,-0.6907464
-0.1795797,0.1404275,-0.6907464
-0.1795797,0.1404275,-0.6907464
-0.1795797,0.1404275,-0.6907464
-0.1784957,0.1426231,-0.691115
-0.1784957,0.1426231,-0.691115
-0.1784957,0.1426231,-0.691115
-0.1784957,0.1426231,-0.691115
-0.1768508,0.1442981,-0.6913118
-0.1768508,0.1442981,-0.6913118
-0.1768508,0.1442981,-0.6913118
-0.1768508,0.1442981,-0.6913118
-0.1768508,0.1442981,-0.6913118
-0.1750765,0.1455296,-0.6921269
-0.1750765,0.1455296,-0.6921269
-0.1750765,0.1455296,-0.6921269
-0.1750765,0.1455296,-0.6921269
-0.1745159,0.1447881,-0.6917775
-0.1745159,0.1447881,-0.6917775
-0.1745159,0.1447881,-0.6917775
-0.1745159,0.1447881,-0.6917775
-0.1745159,0.1447881,-0.6917775
-0.1761227,0.1444225,-0.6932602
-0.1761227,0.1444225,-0.6932602
-0.1761227,0.1444225,-0.6932602
-0.1761227,0.1444225,-0.6932602
-0.1775271,0.1436606,-0.6936054
-0.1775271,0.1436606,-0.6936054
-0.1775271,0.1436606,-0.6936054
-0.1775271,0.1436606,-0.6936054
-0.1776523,0.1443045,-0.6930896
-0.1776523,0.1443045,-0.6930896
-0.1776523,0.1443045,-0.6930896
-0.1776523,0.1443045,-0.6930896
-0.1776523,0.1443045,-0.6930896
-0.1778632,0.1451652,-0.6935841
-0.1778632,0.1451652,-0.6935841
-0.1778632,0.1451652,-0.6935841
-0.1778632,0.1451652,-0.6935841
-0.177509,0.1441285,-0.6932465
-0.177509,0.1441285,-0.6932465
-0.177509,0.1441285,-0.6932465
-0.177509,0.1441285,-0.6932465
-0.177509,0.1441285,-0.6932465
-0.1766949,0.141688,-0.6943765
-0.1766949,0.141688,-0.6943765
-0.1766949,0.141688,-0.6943765
-0.1766949,0.141688,-0.6943765
-0.1758815,0.1405372,-0.6929346
-0.1758815,0.1405372,-0.6929346
-0.1758815,0.1405372,-0.6929346
-0.1756791,0.1417192,-0.6917911
-0.1756791,0.1417192,-0.6917911
-0.1756791,0.1417192,-0.6917911
-0.1756791,0.1417192,-0.6917911
-0.1749938,0.141987,-0.6882117
-0.1749938,0.141987,-0.6882117
-0.1749938,0.141987,-0.6882117
-0.1740469,0.1418407,-0.6808972
-0.1740469,0.1418407,-0.6808972
-0.1744652,0.1448315,-0.6725737
-0.1744652,0.1448315,-0.6725737
-0.1744652,0.1448315,-0.6725737
-0.1736389,0.1444395,-0.6637864
-0.1736389,0.1444395,-0.6637864
-0.1736389,0.1444395,-0.6637864
-0.1736389,0.1444395,-0.6637864
-0.172588,0.1422257,-0.6602007
-0.172588,0.1422257,-0.6602007
-0.172588,0.1422257,-0.6602007
-0.1725906,0.140804,-0.658082
-0.1725906,0.140804,-0.658082
-0.1725906,0.140804,-0.658082
-0.1703378,0.141952,-0.6499972
-0.1703378,0.141952,-0.6499972
-0.1685826,0.1429951,-0.6420283
-0.1685826,0.1429951,-0.6420283
-0.1685826,0.1429951,-0.6420283
-0.1691763,0.1441603,-0.6404212
-0.1691763,0.1441603,-0.6404212
-0.1691763,0.1441603,-0.6404212
-0.1691763,0.1441603,-0.6404212
-0.1694014,0.1456084,-0.6414626
-0.1694014,0.1456084,-0.6414626
-0.1694014,0.1456084,-0.6414626
-0.1689529,0.1455599,-0.6399615
-0.1689529,0.1455599,-0.6399615
-0.1689529,0.1455599,-0.6399615
-0.168972,0.1453516,-0.6404368
-0.168972,0.1453516,-0.6404368
-0.168972,0.1453516,-0.6404368
-0.1687611,0.1446677,-0.6426836
-0.1687611,0.1446677,-0.6426836
-0.1687611,0.1446677,-0.6426836
-0.168945,0.1450797,-0.6437654
-0.168945,0.1450797,-0.6437654
-0.168945,0.1450797,-0.6437654
-0.168945,0.1450797,-0.6437654
-0.1683328,0.1458502,-0.6437417
-0.1683328,0.1458502,-0.6437417
-0.1683328,0.1458502,-0.6437417
-0.1675257,0.1463277,-0.6449134
-0.1675257,0.1463277,-0.6449134
-0.1675257,0.1463277,-0.6449134
-0.1671824,0.1471562,-0.6452783
-0.1671824,0.1471562,-0.6452783
-0.1671824,0.1471562,-0.6452783
-0.1671824,0.1471562,-0.6452783
-0.1668863,0.1464607,-0.6458226
-0.1668863,0.1464607,-0.6458226
-0.1668863,0.1464607,-0.6458226
-0.1670792,0.1470108,-0.6459961
-0.1670792,0.1470108,-0.6459961
-0.1670792,0.1470108,-0.6459961
-0.1670792,0.1470108,-0.6459961
-0.1674696,0.1475351,-0.6464577
-0.1674696,0.1475351,-0.6464577
-0.1674696,0.1475351,-0.6464577
-0.1679648,0.148142,-0.6460319
-0.1679648,0.148142,-0.6460319
-0.1679648,0.148142,-0.6460319
-0.1682639,0.1483027,-0.6461425
-0.1682639,0.1483027,-0.6461425
-0.1682639,0.1483027,-0.6461425
-0.1676202,0.1491216,-0.6461227
-0.1676202,0.1491216,-0.6461227
-0.1676202,0.1491216,-0.6461227
-0.1676202,0.1491216,-0.6461227
-0.1671129,0.1496098,-0.6461615
-0.1671129,0.1496098,-0.6461615
-0.1671129,0.1496098,-0.6461615
-0.1673057,0.1490113,-0.6458913
-0.1673057,0.1490113,-0.6458913
-0.1673057,0.1490113,-0.6458913
-0.1680854,0.1478722,-0.6455719
-0.1680854,0.1478722,-0.6455719
-0.1680854,0.1478722,-0.6455719
-0.1680854,0.1478722,-0.6455719
-0.168609,0.1473495,-0.6458583
-0.168609,0.1473495,-0.6458583
-0.168609,0.1473495,-0.6458583
-0.1690654,0.1478405,-0.6456941
-0.1690654,0.1478405,-0.6456941
-0.1690654,0.1478405,-0.6456941
-0.1690654,0.1478405,-0.6456941
-0.1692904,0.1479192,-0.6453024
-0.1692904,0.1479192,-0.6453024
-0.1692904,0.1479192,-0.6453024
-0.1692904,0.1479192,-0.6453024
-0.1692605,0.148076,-0.6446558
-0.1692605,0.148076,-0.6446558
-0.1692605,0.148076,-0.6446558
-0.1686836,0.1488013,-0.6443635
-0.1686836,0.1488013,-0.6443635
-0.1686836,0.1488013,-0.6443635
-0.1686836,0.1488013,-0.6443635
-0.1684477,0.1500208,-0.6442556
-0.1684477,0.1500208,-0.6442556
-0.1684477,0.1500208,-0.6442556
-0.1684477,0.1500208,-0.6442556
-0.1684477,0.1500208,-0.6442556
-0.1680898,0.1511893,-0.6445399
-0.1680898,0.1511893,-0.6445399
-0.1680898,0.1511893,-0.6445399
-0.1680898,0.1511893,-0.6445399
-0.1681552,0.1515155,-0.6446477
-0.1681552,0.1515155,-0.6446477
-0.1681552,0.1515155,-0.6446477
-0.1681552,0.1515155,-0.6446477
-0.1681552,0.1515155,-0.6446477
-0.1687975,0.1516986,-0.6437391
-0.1687975,0.1516986,-0.6437391
-0.1687975,0.1516986,-0.6437391
-0.1687975,0.1516986,-0.6437391
-0.1690285,0.1510637,-0.6429271
-0.1690285,0.1510637,-0.6429271
-0.1690285,0.1510637,-0.6429271
-0.1690285,0.1510637,-0.6429271
-0.1689169,0.1517175,-0.6418045
-0.1689169,0.1517175,-0.6418045
-0.1689169,0.1517175,-0.6418045
-0.1689169,0.1517175,-0.6418045
-0.1689169,0.1517175,-0.6418045
-0.1683587,0.1524078,-0.6405223
-0.1683587,0.1524078,-0.6405223
-0.1683587,0.1524078,-0.6405223
-0.1683587,0.1524078,-0.6405223
-0.1676908,0.1524094,-0.6398811
-0.1676908,0.1524094,-0.6398811
-0.1676908,0.1524094,-0.6398811
-0.1676908,0.1524094,-0.6398811
-0.1676908,0.1524094,-0.6398811
-0.1675783,0.1525752,-0.6398066
-0.1675783,0.1525752,-0.6398066
-0.1675783,0.1525752,-0.6398066
-0.1675783,0.1525752,-0.6398066
-0.1676976,0.1527913,-0.6394542
-0.1676976,0.1527913,-0.6394542
-0.1676976,0.1527913,-0.6394542
-0.1676976,0.1527913,-0.6394542
-0.1680501,0.1534615,-0.6390665
-0.1680501,0.1534615,-0.6390665
-0.1680501,0.1534615,-0.6390665
-0.1680501,0.1534615,-0.6390665
-0.1680501,0.1534615,-0.6390665
-0.1677661,0.1534379,-0.6384768
-0.1677661,0.1534379,-0.6384768
-0.1677661,0.1534379,-0.6384768
-0.1677661,0.1534379,-0.6384768
-0.1660744,0.1548818,-0.6307026
-0.1660744,0.1548818,-0.6307026
-0.1660744,0.1548818,-0.6307026
-0.1660744,0.1548818,-0.6307026
-0.1660744,0.1548818,-0.6307026
-0.1616308,0.1570411,-0.617627
-0.1616308,0.1570411,-0.617627
-0.1616308,0.1570411,-0.617627
-0.1616308,0.1570411,-0.617627
-0.1375267,0.1728501,-0.5161304
-0.1375267,0.1728501,-0.5161304
-0.1375267,0.1728501,-0.5161304
-0.1375267,0.1728501,-0.5161304
-0.09947434,0.1880879,-0.3345675
-0.09947434,0.1880879,-0.3345675
-0.09947434,0.1880879,-0.3345675
-0.09947434,0.1880879,-0.3345675
-0.09947434,0.1880879,-0.3345675
-0.02453932,0.2012603,0.0149082
-0.02453932,0.2012603,0.0149082
-0.02453932,0.2012603,0.0149082
-0.02453932,0.2012603,0.0149082
-0.02453932,0.2012603,0.0149082
-0.003324652,0.1835978,0.1029095
-0.003324652,0.1835978,0.1029095
-0.003324652,0.1835978,0.1029095
-0.003324652,0.1835978,0.1029095
0.004292409,0.1737867,0.1484843
0.004292409,0.1737867,0.1484843
0.004292409,0.1737867,0.1484843
0.004292409,0.1737867,0.1484843
0.0001758719,0.1656061,0.1354334
0.0001758719,0.1656061,0.1354334
0.0001758719,0.1656061,0.1354334
0.0001758719,0.1656061,0.1354334
-0.01511415,0.161052,0.09696589
-0.01511415,0.161052,0.09696589
-0.01511415,0.161052,0.09696589
-0.01511415,0.161052,0.09696589
-0.01511415,0.161052,0.09696589
-0.01892885,0.1630486,0.09147988
-0.01892885,0.1630486,0.09147988
-0.01892885,0.1630486,0.09147988
-0.01892885,0.1630486,0.09147988
-0.01999892,0.1613484,0.08904357
-0.01999892,0.1613484,0.08904357
-0.01999892,0.1613484,0.08904357
-0.01999892,0.1613484,0.08904357
-0.01999892,0.1613484,0.08904357
-0.02229172,0.1614378,0.08963786
-0.02229172,0.1614378,0.08963786
-0.02229172,0.1614378,0.08963786
-0.02229172,0.1614378,0.08963786
-0.02229172,0.1614378,0.08963786
-0.02353297,0.1623582,0.08701889
-0.02353297,0.1623582,0.08701889
-0.02353297,0.1623582,0.08701889
-0.02353297,0.1623582,0.08701889
-0.02102823,0.1632312,0.0851628
-0.02102823,0.1632312,0.0851628
-0.02102823,0.1632312,0.0851628
-0.02102823,0.1632312,0.0851628
-0.02102823,0.1632312,0.0851628
-0.02085784,0.1648034,0.08374519
-0.02085784,0.1648034,0.08374519
-0.02085784,0.1648034,0.08374519
-0.02085784,0.1648034,0.08374519
-0.02245148,0.1658114,0.08333636
-0.02245148,0.1658114,0.08333636
-0.02245148,0.1658114,0.08333636
-0.02245148,0.1658114,0.08333636
-0.02860594,0.1689422,0.08567244
-0.02860594,0.1689422,0.08567244
-0.02860594,0.1689422,0.08567244
-0.02838811,0.1694371,0.08593669
-0.02838811,0.1694371,0.08593669
-0.02838811,0.1694371,0.08593669
-0.02838811,0.1694371,0.08593669
-0.02838811,0.1694371,0.08593669
-0.02698235,0.1695881,0.08637479
-0.02698235,0.1695881,0.08637479
-0.02698235,0.1695881,0.08637479
-0.02698235,0.1695881,0.08637479
-0.02698235,0.1695881,0.08637479
-0.02826646,0.1708746,0.08624343
-0.02826646,0.1708746,0.08624343
-0.02826646,0.1708746,0.08624343
-0.02826646,0.1708746,0.08624343
-0.02826646,0.1708746,0.08624343
-0.02818925,0.1713684,0.0863748
-0.02818925,0.1713684,0.0863748
-0.02818925,0.1713684,0.0863748
-0.02818925,0.1713684,0.0863748
-0.02904311,0.1713515,0.08667938
-0.02904311,0.1713515,0.08667938
-0.02904311,0.1713515,0.08667938
-0.02904311,0.1713515,0.08667938
-0.02846405,0.1707641,0.08688121
-0.02846405,0.1707641,0.08688121
-0.02846405,0.1707641,0.08688121
-0.02846405,0.1707641,0.08688121
-0.0292778,0.1708472,0.08550276
-0.0292778,0.1708472,0.08550276
-0.0292778,0.1708472,0.08550276
-0.0292778,0.1708472,0.08550276
-0.03136422,0.1732334,0.08537108
-0.03136422,0.1732334,0.08537108
-0.03136422,0.1732334,0.08537108
-0.03064585,0.1737709,0.08512805
-0.03064585,0.1737709,0.08512805
-0.03025371,0.1728527,0.08476915
-0.03025371,0.1728527,0.08476915
-0.03025371,0.1728527,0.08476915
-0.03025371,0.1728527,0.08476915
-0.02997243,0.1711754,0.08367407
-0.02997243,0.1711754,0.08367407
-0.02995497,0.1713204,0.08277048
-0.02995497,0.1713204,0.08277048
-0.02995497,0.1713204,0.08277048
-0.03118884,0.1719481,0.08164182
-0.03118884,0.1719481,0.08164182
-0.03118884,0.1719481,0.08164182
-0.03118884,0.1719481,0.08164182
-0.03066853,0.1720389,0.08241899
-0.03066853,0.1720389,0.08241899
-0.03066853,0.1720389,0.08241899
-0.03197124,0.1714745,0.08302758
-0.03197124,0.1714745,0.08302758
-0.03197124,0.1714745,0.08302758
-0.03226909,0.1714362,0.08381119
-0.03226909,0.1714362,0.08381119
-0.03226909,0.1714362,0.08381119
-0.03226909,0.1714362,0.08381119
-0.03226909,0.1714362,0.08381119
-0.03262585,0.1715542,0.08569702
-0.03262585,0.1715542,0.08569702
-0.03262585,0.1715542,0.08569702
-0.03262585,0.1715542,0.08569702
-0.03262585,0.1715542,0.08569702
-0.03237265,0.1718665,0.0857394
-0.03237265,0.1718665,0.0857394
-0.03237265,0.1718665,0.0857394
-0.03237265,0.1718665,0.0857394
-0.03237265,0.1718665,0.0857394
-0.03173364,0.1719218,0.08614492
-0.03173364,0.1719218,0.08614492
-0.03173364,0.1719218,0.08614492
-0.03173364,0.1719218,0.08614492
-0.03173364,0.1719218,0.08614492
-0.03202355,0.1717083,0.08628741
-0.03202355,0.1717083,0.08628741
-0.03202355,0.1717083,0.08628741
-0.03202355,0.1717083,0.08628741
-0.03202355,0.1717083,0.08628741
-0.03204172,0.1716112,0.08669839
-0.03204172,0.1716112,0.08669839
-0.03204172,0.1716112,0.08669839
-0.03204172,0.1716112,0.08669839
-0.03204172,0.1716112,0.08669839
-0.03221788,0.1712568,0.08722604
-0.03221788,0.1712568,0.08722604
-0.03221788,0.1712568,0.08722604
-0.03203708,0.1714216,0.08749846
-0.03203708,0.1714216,0.08749846
-0.03203708,0.1714216,0.08749846
-0.03203708,0.1714216,0.08749846
-0.03195131,0.1718031,0.08849233
-0.03195131,0.1718031,0.08849233
-0.0323752,0.1727091,0.08906759
-0.0323752,0.1727091,0.08906759
-0.0323752,0.1727091,0.08906759
-0.0323752,0.1727091,0.08906759
-0.03226889,0.1723658,0.09012634
-0.03226889,0.1723658,0.09012634
-0.03138527,0.1719642,0.0905526
-0.03138527,0.1719642,0.0905526
-0.03111216,0.1715889,0.0906363
-0.03111216,0.1715889,0.0906363
-0.03111216,0.1715889,0.0906363
-0.03111216,0.1715889,0.0906363
-0.03106855,0.1713964,0.09135813
-0.03106855,0.1713964,0.09135813
-0.03106855,0.1713964,0.09135813
-0.03106647,0.1714483,0.0916817
-0.03106647,0.1714483,0.0916817
-0.03106647,0.1714483,0.0916817
-0.03018081,0.1711138,0.09380876
-0.03018081,0.1711138,0.09380876
-0.03018081,0.1711138,0.09380876
-0.02993187,0.170623,0.09483352
-0.02993187,0.170623,0.09483352
-0.02993187,0.170623,0.09483352
-0.02994803,0.1702868,0.09537548
-0.02994803,0.1702868,0.09537548
-0.02994803,0.1702868,0.09537548
-0.03023107,0.1695678,0.09597425
-0.03023107,0.1695678,0.09597425
-0.03023107,0.1695678,0.09597425
-0.02985971,0.1694914,0.09639648
-0.02985971,0.1694914,0.09639648
-0.02985971,0.1694914,0.09639648
-0.0302868,0.1706649,0.0973048
-0.0302868,0.1706649,0.0973048
-0.0302868,0.1706649,0.0973048
-0.03057758,0.1713124,0.09812324
-0.03057758,0.1713124,0.09812324
-0.03057758,0.1713124,0.09812324
-0.02987839,0.171426,0.09870123
-0.02987839,0.171426,0.09870123
-0.02987839,0.171426,0.09870123
-0.02994923,0.1707336,0.09907807
-0.02994923,0.1707336,0.09907807
-0.02994923,0.1707336,0.09907807
-0.02928146,0.1705966,0.0998125
-0.02928146,0.1705966,0.0998125
-0.02928146,0.1705966,0.0998125
-0.02891516,0.1705574,0.100488
-0.02891516,0.1705574,0.100488
-0.02891516,0.1705574,0.100488
-0.02885615,0.1702614,0.1019902
-0.02885615,0.1702614,0.1019902
-0.02885615,0.1702614,0.1019902
-0.02908946,0.1703289,0.102515
-0.02908946,0.1703289,0.102515
-0.02908946,0.1703289,0.102515
-0.02889293,0.1704929,0.1027764
-0.02889293,0.1704929,0.1027764
-0.02889293,0.1704929,0.1027764
-0.02919673,0.170023,0.1032644
-0.02919673,0.170023,0.1032644
-0.02919673,0.170023,0.1032644
-0.02943519,0.1691921,0.1048249
-0.02943519,0.1691921,0.1048249
-0.02943519,0.1691921,0.1048249
-0.02912192,0.1689876,0.1056558
-0.02912192,0.1689876,0.1056558
-0.02912192,0.1689876,0.1056558
-0.02860475,0.1701465,0.1056377
-0.02860475,0.1701465,0.1056377
-0.02860475,0.1701465,0.1056377
-0.02781074,0.1707329,0.105862
-0.02781074,0.1707329,0.105862
-0.02781074,0.1707329,0.105862
-0.02771133,0.169955,0.1060801
-0.02771133,0.169955,0.1060801
-0.02771133,0.169955,0.1060801
-0.02829934,0.1701188,0.1057528
-0.02829934,0.1701188,0.1057528
-0.02829934,0.1701188,0.1057528
-0.02829934,0.1701188,0.1057528
-0.02829934,0.1701188,0.1057528
-0.02953345,0.1710794,0.1051864
-0.02953345,0.1710794,0.1051864
-0.02953345,0.1710794,0.1051864
-0.02953345,0.1710794,0.1051864
-0.02937036,0.1716609,0.1054317
-0.02937036,0.1716609,0.1054317
-0.02937036,0.1716609,0.1054317
-0.02937036,0.1716609,0.1054317
-0.02937036,0.1716609,0.1054317
-0.02843762,0.1716769,0.1061303
-0.02843762,0.1716769,0.1061303
-0.02843762,0.1716769,0.1061303
-0.02843762,0.1716769,0.1061303
-0.02795817,0.1716179,0.1068826
-0.02795817,0.1716179,0.1068826
-0.02795817,0.1716179,0.1068826
-0.02795817,0.1716179,0.1068826
-0.02800308,0.1713803,0.1070487
-0.02800308,0.1713803,0.1070487
-0.02800308,0.1713803,0.1070487
-0.02800308,0.1713803,0.1070487
-0.02726748,0.1708838,0.1076394
-0.02726748,0.1708838,0.1076394
-0.02726748,0.1708838,0.1076394
-0.02726748,0.1708838,0.1076394
-0.02726748,0.1708838,0.1076394
-0.02705127,0.1706117,0.1084505
-0.02705127,0.1706117,0.1084505
-0.02705127,0.1706117,0.1084505
-0.02674594,0.1709409,0.1090696
-0.02674594,0.1709409,0.1090696
-0.02674594,0.1709409,0.1090696
-0.02674594,0.1709409,0.1090696
-0.02620541,0.172093,0.1090397
-0.02620541,0.172093,0.1090397
-0.02620541,0.172093,0.1090397
-0.02620541,0.172093,0.1090397
-0.02654182,0.172505,0.108897
-0.02654182,0.172505,0.108897
-0.02654182,0.172505,0.108897
-0.02654182,0.172505,0.108897
-0.02616766,0.1722381,0.1089564
-0.02616766,0.1722381,0.1089564
-0.02616766,0.1722381,0.1089564
-0.02735368,0.1711112,0.1089438
-0.02735368,0.1711112,0.1089438
-0.02735368,0.1711112,0.1089438
-0.02735368,0.1711112,0.1089438
-0.02725388,0.1710665,0.1100895
-0.02725388,0.1710665,0.1100895
-0.02725388,0.1710665,0.1100895
-0.02725388,0.1710665,0.1100895
-0.02713861,0.1717469,0.1110621
-0.02713861,0.1717469,0.1110621
-0.02713861,0.1717469,0.1110621
-0.02713861,0.1717469,0.1110621
-0.02597636,0.1716172,0.1153921
-0.02597636,0.1716172,0.1153921
-0.02597636,0.1716172,0.1153921
-0.02597636,0.1716172,0.1153921
-0.02597636,0.1716172,0.1153921
-0.01675763,0.1696528,0.1421758
-0.01675763,0.1696528,0.1421758
-0.01675763,0.1696528,0.1421758
-0.01675763,0.1696528,0.1421758
0.04062451,0.1518097,0.3241003
0.04062451,0.1518097,0.3241003
0.04062451,0.1518097,0.3241003
0.1222462,0.1226719,0.5157315
0.1222462,0.1226719,0.5157315
0.1222462,0.1226719,0.5157315
0.1335325,0.09365685,0.5983758
0.1335325,0.09365685,0.5983758
0.1335325,0.09365685,0.5983758
0.1279532,0.07633328,0.6328446
0.1279532,0.07633328,0.6328446
0.1279532,0.07633328,0.6328446
0.1279532,0.07633328,0.6328446
0.1174645,0.06572814,0.6504219
0.1174645,0.06572814,0.6504219
0.1174645,0.06572814,0.6504219
0.1174645,0.06572814,0.6504219
0.1071884,0.0699781,0.6527113
0.1071884,0.0699781,0.6527113
0.1071884,0.0699781,0.6527113
0.1148432,0.07284451,0.6538607
0.1148432,0.07284451,0.6538607
0.1148432,0.07284451,0.6538607
0.1172341,0.07616099,0.6515858
0.1172341,0.07616099,0.6515858
0.1172341,0.07616099,0.6515858
0.1172341,0.07616099,0.6515858
0.1136885,0.07425602,0.648133
0.1136885,0.07425602,0.648133
0.1136885,0.07425602,0.648133
0.1136885,0.07425602,0.648133
0.1128134,0.07746729,0.6418062
0.1128134,0.07746729,0.6418062
0.1144457,0.07690892,0.6370335
0.1144457,0.07690892,0.6370335
0.1144457,0.07690892,0.6370335
0.1144457,0.07690892,0.6370335
0.1152032,0.07643496,0.6343208
0.1152032,0.07643496,0.6343208
0.1152032,0.07643496,0.6343208
0.1152032,0.07643496,0.6343208
0.1154513,0.0766174,0.6311375
0.1154513,0.0766174,0.6311375
0.1154513,0.0766174,0.6311375
0.1147402,0.07563131,0.6298755
0.1147402,0.07563131,0.6298755
0.1147402,0.07563131,0.6298755
0.1147402,0.07563131,0.6298755
0.1153363,0.07492867,0.6298518
0.1153363,0.07492867,0.6298518
0.1153363,0.07492867,0.6298518
0.1154474,0.07497039,0.6283823
0.1154474,0.07497039,0.6283823
0.1154474,0.07497039,0.6283823
0.1154474,0.07497039,0.6283823
0.1138476,0.07429138,0.6271635
0.1138476,0.07429138,0.6271635
0.1138476,0.07429138,0.6271635
0.1138476,0.07429138,0.6271635
0.1141914,0.07494514,0.6255849
0.1141914,0.07494514,0.6255849
0.1141914,0.07494514,0.6255849
0.1141914,0.07494514,0.6255849
0.1141914,0.07494514,0.6255849
0.1154866,0.07758735,0.6228963
0.1154866,0.07758735,0.6228963
0.1154866,0.07758735,0.6228963
0.1154866,0.07758735,0.6228963
0.1134739,0.07763706,0.6210538
0.1134739,0.07763706,0.6210538
0.1134739,0.07763706,0.6210538
0.1134739,0.07763706,0.6210538
0.1134739,0.07763706,0.6210538
0.1129419,0.07777586,0.6195992
0.1129419,0.07777586,0.6195992
0.1129419,0.07777586,0.6195992
0.1129419,0.07777586,0.6195992
0.1129419,0.07777586,0.6195992
0.1123449,0.07834903,0.6173183
0.1123449,0.07834903,0.6173183
0.1123449,0.07834903,0.6173183
0.1108979,0.07769546,0.6168685
0.1108979,0.07769546,0.6168685
0.1108979,0.07769546,0.6168685
0.1108979,0.07769546,0.6168685
0.109723,0.0774882,0.6168506
0.109723,0.0774882,0.6168506
0.109723,0.0774882,0.6168506
0.1100792,0.07826553,0.617025
0.1100792,0.07826553,0.617025
0.1100792,0.07826553,0.617025
0.1100792,0.07826553,0.617025
0.1107243,0.07839851,0.6167418
0.1107243,0.07839851,0.6167418
0.1107243,0.07839851,0.6167418
0.1107243,0.07839851,0.6167418
0.1102606,0.07826563,0.613951
0.1102606,0.07826563,0.613951
0.1102606,0.07826563,0.613951
0.111395,0.0776417,0.6125324
0.111395,0.0776417,0.6125324
0.1118263,0.07678674,0.6123845
0.1118263,0.07678674,0.6123845
0.108775,0.07568089,0.6110994
0.108775,0.07568089,0.6110994
0.108775,0.07568089,0.6110994
0.108775,0.07568089,0.6110994
0.1090262,0.07806614,0.609273
0.1090262,0.07806614,0.609273
0.1090262,0.07806614,0.609273
0.1090262,0.07806614,0.609273
0.1089993,0.07856946,0.6085736
0.1089993,0.07856946,0.6085736
0.1089993,0.07856946,0.6085736
0.1089993,0.07856946,0.6085736
0.1089993,0.07856946,0.6085736
0.1098343,0.07892396,0.6085482
0.1098343,0.07892396,0.6085482
0.1098343,0.07892396,0.6085482
0.1098343,0.07892396,0.6085482
0.10963,0.07859819,0.6080813
0.10963,0.07859819,0.6080813
0.10963,0.07859819,0.6080813
0.10963,0.07859819,0.6080813
0.10963,0.07859819,0.6080813
0.1096222,0.07881023,0.6059067
0.1096222,0.07881023,0.6059067
0.1096222,0.07881023,0.6059067
0.1096222,0.07881023,0.6059067
0.1096222,0.07881023,0.6059067
0.1101789,0.07928244,0.6058023
0.1101789,0.07928244,0.6058023
0.1101789,0.07928244,0.6058023
0.1101789,0.07928244,0.6058023
0.1101789,0.07928244,0.6058023
0.1104177,0.0784767,0.6052951
0.1104177,0.0784767,0.6052951
0.1104177,0.0784767,0.6052951
0.1104177,0.0784767,0.6052951
0.1104177,0.0784767,0.6052951
0.1106401,0.07813529,0.6043994
0.1106401,0.07813529,0.6043994
0.1106401,0.07813529,0.6043994
0.1106401,0.07813529,0.6043994
0.1106401,0.07813529,0.6043994
0.1110867,0.07922462,0.6026776
0.1110867,0.07922462,0.6026776
0.1110867,0.07922462,0.6026776
0.1110867,0.07922462,0.6026776
0.1110867,0.07922462,0.6026776
0.1126755,0.07919093,0.6027263
0.1126755,0.07919093,0.6027263
0.1126755,0.07919093,0.6027263
0.1126755,0.07919093,0.6027263
0.1126755,0.07919093,0.6027263
0.1138053,0.07863528,0.6027249
0.1138053,0.07863528,0.6027249
0.1138053,0.07863528,0.6027249
0.1138053,0.07863528,0.6027249
0.1138053,0.07863528,0.6027249
0.1138687,0.07837058,0.6035541
0.1138687,0.07837058,0.6035541
0.1138687,0.07837058,0.6035541
0.1138687,0.07837058,0.6035541
0.1142215,0.07809824,0.6054072
0.1142215,0.07809824,0.6054072
0.1142215,0.07809824,0.6054072
0.1142215,0.07809824,0.6054072
0.1142215,0.07809824,0.6054072
0.113073,0.07731715,0.6060415
0.113073,0.07731715,0.6060415
0.113073,0.07731715,0.6060415
0.113073,0.07731715,0.6060415
0.113073,0.07731715,0.6060415
0.1141342,0.078361,0.6072668
0.1141342,0.078361,0.6072668
0.1141342,0.078361,0.6072668
0.1141342,0.078361,0.6072668
0.1141342,0.078361,0.6072668
0.113645,0.0799242,0.6062092
0.113645,0.0799242,0.6062092
0.113645,0.0799242,0.6062092
0.113645,0.0799242,0.6062092
0.1142529,0.08028977,0.6063621
0.1142529,0.08028977,0.6063621
0.1142529,0.08028977,0.6063621
0.1142529,0.08028977,0.6063621
0.1151141,0.08119573,0.6066417
0.1151141,0.08119573,0.6066417
0.1151141,0.08119573,0.6066417
0.1151141,0.08119573,0.6066417
0.1151141,0.08119573,0.6066417
0.1135034,0.08109817,0.606687
0.1135034,0.08109817,0.606687
0.1135034,0.08109817,0.606687
0.112147,0.08024945,0.6076401
0.112147,0.08024945,0.6076401
0.112147,0.08024945,0.6076401
0.112147,0.08024945,0.6076401
0.1118209,0.07919724,0.607991
0.1118209,0.07919724,0.607991
0.1118209,0.07919724,0.607991
0.1121001,0.07849135,0.6082389
0.1121001,0.07849135,0.6082389
0.1121001,0.07849135,0.6082389
0.1121001,0.07849135,0.6082389
0.111285,0.07877213,0.6078982
0.111285,0.07877213,0.6078982
0.111285,0.07877213,0.6078982
0.111285,0.07877213,0.6078982
0.111285,0.07877213,0.6078982
0.1112056,0.07896441,0.6073453
0.1112056,0.07896441,0.6073453
0.1112056,0.07896441,0.6073453
0.1112056,0.07896441,0.6073453
0.1110907,0.07897025,0.6074298
0.1110907,0.07897025,0.6074298
0.1110907,0.07897025,0.6074298
0.1110907,0.07897025,0.6074298
0.1065137,0.08010521,0.6052883
0.1065137,0.08010521,0.6052883
0.1047921,0.07904867,0.6057436
0.1047921,0.07904867,0.6057436
0.1047921,0.07904867,0.6057436
0.1047921,0.07904867,0.6057436
0.1051203,0.07888272,0.6061354
0.1051203,0.07888272,0.6061354
0.1051203,0.07888272,0.6061354
0.1051203,0.07888272,0.6061354
0.1056412,0.07874224,0.6065168
0.1056412,0.07874224,0.6065168
0.1056412,0.07874224,0.6065168
0.106285,0.07873557,0.6059898
0.106285,0.07873557,0.6059898
0.106285,0.07873557,0.6059898
0.106285,0.07873557,0.6059898
0.1062156,0.07814351,0.6060264
0.1062156,0.07814351,0.6060264
0.1045569,0.07845325,0.6052157
0.1045569,0.07845325,0.6052157
0.1045569,0.07845325,0.6052157
0.1036419,0.07982966,0.6039499
0.1036419,0.07982966,0.6039499
0.1036419,0.07982966,0.6039499
0.1036419,0.07982966,0.6039499
0.1033808,0.07966717,0.6020464
0.1033808,0.07966717,0.6020464
0.1024287,0.07934512,0.5982133
0.1024287,0.07934512,0.5982133
0.1024287,0.07934512,0.5982133
0.09986075,0.08093736,0.5865943
0.09544021,0.08534454,0.5651709
0.09544021,0.08534454,0.5651709
0.07164554,0.09736887,0.4848414
0.07164554,0.09736887,0.4848414
0.05061579,0.104273,0.4198169
0.05061579,0.104273,0.4198169
0.04356561,0.1180285,0.372444
0.02859602,0.1244692,0.3242266
0.02859602,0.1244692,0.3242266
0.012185,0.131139,0.271899
0.012185,0.131139,0.271899
-0.01489462,0.1418274,0.1678634
-0.03850204,0.1518827,0.07088544
-0.03850204,0.1518827,0.07088544
-0.06048413,0.1555141,-0.05458362
-0.06048413,0.1555141,-0.05458362
-0.06048413,0.1555141,-0.05458362
-0.08985437,0.1527162,-0.1874081
-0.08985437,0.1527162,-0.1874081
-0.08985437,0.1527162,-0.1874081
-0.1181517,0.1389843,-0.3311634
-0.1181517,0.1389843,-0.3311634
-0.1492019,0.1223751,-0.4780388
-0.1492019,0.1223751,-0.4780388
-0.1492019,0.1223751,-0.4780388
-0.1781576,0.1032884,-0.6095961
-0.1781576,0.1032884,-0.6095961
-0.1781576,0.1032884,-0.6095961
-0.1781576,0.1032884,-0.6095961
-0.2020979,0.08170811,-0.7017391
-0.2020979,0.08170811,-0.7017391
-0.2020979,0.08170811,-0.7017391
-0.2020979,0.08170811,-0.7017391
-0.2020979,0.08170811,-0.7017391
-0.2203504,0.0528743,-0.790177
-0.2203504,0.0528743,-0.790177
-0.2203504,0.0528743,-0.790177
-0.2203504,0.0528743,-0.790177
-0.2319593,0.03280627,-0.8523595
-0.2319593,0.03280627,-0.8523595
-0.2319593,0.03280627,-0.8523595
-0.2319593,0.03280627,-0.8523595
-0.2498165,0.03161749,-0.8826236
-0.2498165,0.03161749,-0.8826236
-0.2593016,0.0279663,-0.9222519
-0.2593016,0.0279663,-0.9222519
-0.2604652,0.02906962,-0.947681
-0.2523922,0.03125672,-0.9624439
-0.2523922,0.03125672,-0.9624439
-0.2347134,0.03195206,-0.9710959
-0.2347134,0.03195206,-0.9710959
-0.2215305,0.03675739,-0.9742954
-0.2215305,0.03675739,-0.9742954
-0.2101407,0.04395206,-0.9755073
-0.2101407,0.04395206,-0.9755073
-0.2101407,0.04395206,-0.9755073
-0.2042004,0.0552235,-0.9756469
-0.2042004,0.0552235,-0.9756469
-0.2042004,0.0552235,-0.9756469
-0.1981832,0.06278772,-0.9758223
-0.1981832,0.06278772,-0.9758223
-0.1981832,0.06278772,-0.9758223
-0.196315,0.07684395,-0.9744744
-0.196315,0.07684395,-0.9744744
-0.196315,0.07684395,-0.9744744
-0.1951033,0.08190208,-0.9740452
-0.1951033,0.08190208,-0.9740452
-0.1951033,0.08190208,-0.9740452
-0.1932969,0.07840914,-0.9747087
-0.1932969,0.07840914,-0.9747087
-0.1932969,0.07840914,-0.9747087
-0.1947201,0.08014339,-0.9744661
-0.1947201,0.08014339,-0.9744661
-0.1956277,0.07815752,-0.9744465
-0.1956277,0.07815752,-0.9744465
-0.1956277,0.07815752,-0.9744465
-0.1991061,0.07931875,-0.9738418
-0.1991061,0.07931875,-0.9738418
-0.1991061,0.07931875,-0.9738418
-0.1990824,0.07728484,-0.9739894
-0.1990824,0.07728484,-0.9739894
-0.1990824,0.07728484,-0.9739894
-0.1985936,0.07828946,-0.9741887
-0.1985936,0.07828946,-0.9741887
-0.1967628,0.07729421,-0.97448
-0.1967628,0.07729421,-0.97448
-0.1967628,0.07729421,-0.97448
-0.1967398,0.07775433,-0.9744426
-0.1967398,0.07775433,-0.9744426
-0.1967398,0.07775433,-0.9744426
-0.1962,0.07831745,-0.9744378
-0.1962,0.07831745,-0.9744378
-0.1962,0.07831745,-0.9744378
-0.197053,0.07939834,-0.9742821
-0.197053,0.07939834,-0.9742821
-0.197053,0.07939834,-0.9742821
-0.197404,0.07869346,-0.9741131
-0.197404,0.07869346,-0.9741131
-0.197404,0.07869346,-0.9741131
-0.1982667,0.07844321,-0.9739391
-0.1982667,0.07844321,-0.9739391
-0.1982667,0.07844321,-0.9739391
-0.1982667,0.07844321,-0.9739391
-0.1989032,0.07887856,-0.9739491
-0.1989032,0.07887856,-0.9739491
-0.1987746,0.07943871,-0.9739432
-0.1987746,0.07943871,-0.9739432
-0.1987746,0.07943871,-0.9739432
-0.1988042,0.08075812,-0.97396
-0.1988042,0.08075812,-0.97396
-0.1988042,0.08075812,-0.97396
-0.198653,0.08215212,-0.9741099
-0.198653,0.08215212,-0.9741099
-0.198653,0.08215212,-0.9741099
-0.1974608,0.08130981,-0.974297
-0.1974608,0.08130981,-0.974297
-0.1974608,0.08130981,-0.974297
-0.1974119,0.0813458,-0.9743207
-0.1974119,0.0813458,-0.9743207
-0.1974119,0.0813458,-0.9743207
-0.1974305,0.08163939,-0.9743267
-0.1974305,0.08163939,-0.9743267
-0.1974305,0.08163939,-0.9743267
-0.1974305,0.08163939,-0.9743267
-0.1977752,0.08284613,-0.9741684
-0.1977752,0.08284613,-0.9741684
-0.1977752,0.08284613,-0.9741684
-0.1985316,0.08298021,-0.9740044
-0.1985316,0.08298021,-0.9740044
-0.1985316,0.08298021,-0.9740044
-0.199249,0.08540043,-0.9737154
-0.199249,0.08540043,-0.9737154
-0.199249,0.08540043,-0.9737154
-0.199249,0.08540043,-0.9737154
-0.1987036,0.08506066,-0.9738234
-0.1987036,0.08506066,-0.9738234
-0.1987036,0.08506066,-0.9738234
-0.2000782,0.08724073,-0.973478
-0.2000782,0.08724073,-0.973478
-0.2000782,0.08724073,-0.973478
-0.1995138,0.08696583,-0.9736253
-0.1995138,0.08696583,-0.9736253
-0.1995138,0.08696583,-0.9736253
-0.1992911,0.08763899,-0.9737296
-0.1992911,0.08763899,-0.9737296
-0.1992911,0.08763899,-0.9737296
-0.1992096,0.08819977,-0.9737039
-0.1992096,0.08819977,-0.9737039
-0.1992096,0.08819977,-0.9737039
-0.1992096,0.08819977,-0.9737039
-0.1996158,0.08843717,-0.9736536
-0.1996158,0.08843717,-0.9736536
-0.1996158,0.08843717,-0.9736536
-0.2001044,0.08784743,-0.9736394
-0.2001044,0.08784743,-0.9736394
-0.2001044,0.08784743,-0.9736394
-0.2001044,0.08784743,-0.9736394
-0.2000855,0.08821733,-0.9735816
-0.2000855,0.08821733,-0.9735816
-0.2000855,0.08821733,-0.9735816
-0.200398,0.0891543,-0.9734491
-0.200398,0.0891543,-0.9734491
-0.200398,0.0891543,-0.9734491
-0.200398,0.0891543,-0.9734491
-0.2001165,0.08922032,-0.9734807
-0.2001165,0.08922032,-0.9734807
-0.2001165,0.08922032,-0.9734807
-0.1999304,0.08814751,-0.9736037
-0.1999304,0.08814751,-0.9736037
-0.1999304,0.08814751,-0.9736037
-0.1999304,0.08814751,-0.9736037
-0.1995281,0.08835965,-0.9737141
-0.1995281,0.08835965,-0.9737141
-0.1995281,0.08835965,-0.9737141
-0.1995281,0.08835965,-0.9737141
-0.1995152,0.08831501,-0.9738066
-0.1995152,0.08831501,-0.9738066
-0.1995152,0.08831501,-0.9738066
-0.1998358,0.08862215,-0.9737285
-0.1998358,0.08862215,-0.9737285
-0.1998358,0.08862215,-0.9737285
-0.1998358,0.08862215,-0.9737285
-0.1998358,0.08862215,-0.9737285
-0.1997444,0.08926348,-0.9737352
-0.1997444,0.08926348,-0.9737352
-0.1997444,0.08926348,-0.9737352
-0.1997444,0.08926348,-0.9737352
-0.1995472,0.08968478,-0.9738019
-0.1995472,0.08968478,-0.9738019
-0.1995472,0.08968478,-0.9738019
-0.1995472,0.08968478,-0.9738019
-0.1995472,0.08968478,-0.9738019
-0.1992673,0.09075741,-0.9737554
-0.1992673,0.09075741,-0.9737554
-0.1992673,0.09075741,-0.9737554
-0.1992673,0.09075741,-0.9737554
-0.1992673,0.09075741,-0.9737554
-0.2000355,0.09051907,-0.9737829
-0.2000355,0.09051907,-0.9737829
-0.2000355,0.09051907,-0.9737829
-0.2000355,0.09051907,-0.9737829
-0.199734,0.08885189,-0.9740889
-0.199734,0.08885189,-0.9740889
-0.199734,0.08885189,-0.9740889
-0.199734,0.08885189,-0.9740889
-0.199734,0.08885189,-0.9740889
-0.199734,0.08885189,-0.9740889
-0.1990334,0.08803996,-0.9743209
-0.1990334,0.08803996,-0.9743209
-0.1990334,0.08803996,-0.9743209
-0.1990334,0.08803996,-0.9743209
-0.1990334,0.08803996,-0.9743209
-0.199436,0.08911376,-0.9741609
-0.199436,0.08911376,-0.9741609
-0.199436,0.08911376,-0.9741609
-0.199436,0.08911376,-0.9741609
-0.199436,0.08911376,-0.9741609
-0.1994046,0.0894526,-0.9740653
-0.1994046,0.0894526,-0.9740653
-0.1994046,0.0894526,-0.9740653
-0.1994046,0.0894526,-0.9740653
-0.1994046,0.0894526,-0.9740653
-0.1990242,0.0893866,-0.9741263
-0.1990242,0.0893866,-0.9741263
-0.1990242,0.0893866,-0.9741263
-0.1979221,0.08868811,-0.974535
-0.1979221,0.08868811,-0.974535
-0.1979221,0.08868811,-0.974535
-0.1979221,0.08868811,-0.974535
-0.1967144,0.08801129,-0.9748471
-0.1967144,0.08801129,-0.9748471
-0.1967144,0.08801129,-0.9748471
-0.1967144,0.08801129,-0.9748471
-0.1967144,0.08801129,-0.9748471
-0.1971397,0.0893241,-0.9747124
-0.1971397,0.0893241,-0.9747124
-0.1971397,0.0893241,-0.9747124
-0.1971397,0.0893241,-0.9747124
-0.1976594,0.08887247,-0.9747912
-0.1976594,0.08887247,-0.9747912
-0.1976594,0.08887247,-0.9747912
-0.1976594,0.08887247,-0.9747912
-0.1976594,0.08887247,-0.9747912
-0.1976594,0.08887247,-0.9747912
-0.1978937,0.08791054,-0.9748566
-0.1978937,0.08791054,-0.9748566
-0.1978937,0.08791054,-0.9748566
-0.1978937,0.08791054,-0.9748566
-0.1978937,0.08791054,-0.9748566
-0.1979229,0.08788531,-0.9748893
-0.1979229,0.08788531,-0.9748893
-0.1979229,0.08788531,-0.9748893
-0.1979229,0.08788531,-0.9748893
-0.1979229,0.08788531,-0.9748893
-0.1981351,0.08827988,-0.9747953
-0.1981351,0.08827988,-0.9747953
-0.1981351,0.08827988,-0.9747953
-0.1981351,0.08827988,-0.9747953
-0.1981351,0.08827988,-0.9747953
-0.1982992,0.08860199,-0.9747732
-0.1982992,0.08860199,-0.9747732
-0.1982992,0.08860199,-0.9747732
-0.1982992,0.08860199,-0.9747732
-0.1982891,0.08878706,-0.9748213
-0.1982891,0.08878706,-0.9748213
-0.1982891,0.08878706,-0.9748213
-0.1982891,0.08878706,-0.9748213
-0.1982891,0.08878706,-0.9748213
-0.1982891,0.08878706,-0.9748213
-0.1975662,0.08683944,-0.97523
-0.1975662,0.08683944,-0.97523
-0.1975662,0.08683944,-0.97523
-0.1975662,0.08683944,-0.97523
-0.197592,0.08656395,-0.9753046
-0.197592,0.08656395,-0.9753046
-0.197592,0.08656395,-0.9753046
-0.197592,0.08656395,-0.9753046
-0.197592,0.08656395,-0.9753046
-0.197592,0.08656395,-0.9753046
-0.1979488,0.0870607,-0.9752305
-0.1979488,0.0870607,-0.9752305
-0.1979488,0.0870607,-0.9752305
-0.1979488,0.0870607,-0.9752305
-0.1983483,0.08860499,-0.9751748
-0.1983483,0.08860499,-0.9751748
-0.1983483,0.08860499,-0.9751748
-0.1983483,0.08860499,-0.9751748
-0.1983483,0.08860499,-0.9751748
-0.2001441,0.09252064,-0.9752046
-0.2001441,0.09252064,-0.9752046
-0.2001441,0.09252064,-0.9752046
-0.2001441,0.09252064,-0.9752046
-0.2001441,0.09252064,-0.9752046
-0.217985,0.1146476,-0.9561947
-0.217985,0.1146476,-0.9561947
-0.217985,0.1146476,-0.9561947
-0.217985,0.1146476,-0.9561947
-0.217985,0.1146476,-0.9561947
-0.217985,0.1146476,-0.9561947
-0.2211306,0.1635275,-0.8315964
-0.2211306,0.1635275,-0.8315964
-0.2211306,0.1635275,-0.8315964
-0.2211306,0.1635275,-0.8315964
-0.2211306,0.1635275,-0.8315964
-0.1928895,0.1932308,-0.5595674
-0.1928895,0.1932308,-0.5595674
-0.1928895,0.1932308,-0.5595674
-0.1462857,0.2135157,-0.1904364
-0.1462857,0.2135157,-0.1904364
-0.1462857,0.2135157,-0.1904364
-0.1462857,0.2135157,-0.1904364
-0.1462857,0.2135157,-0.1904364
-0.1462857,0.2135157,-0.1904364
-0.08408535,0.2020354,0.08049641
-0.08408535,0.2020354,0.08049641
-0.08408535,0.2020354,0.08049641
-0.08408535,0.2020354,0.08049641
-0.08408535,0.2020354,0.08049641
-0.05821447,0.1784124,0.1635013
-0.05821447,0.1784124,0.1635013
-0.05821447,0.1784124,0.1635013
-0.05821447,0.1784124,0.1635013
-0.05821447,0.1784124,0.1635013
-0.06634335,0.1701725,0.1762169
-0.06634335,0.1701725,0.1762169
-0.06634335,0.1701725,0.1762169
-0.06634335,0.1701725,0.1762169
-0.06634335,0.1701725,0.1762169
-0.06634335,0.1701725,0.1762169
-0.07271004,0.1785074,0.1709114
-0.07271004,0.1785074,0.1709114
-0.07271004,0.1785074,0.1709114
-0.07271004,0.1785074,0.1709114
-0.07204399,0.177777,0.1675596
-0.07204399,0.177777,0.1675596
-0.07204399,0.177777,0.1675596
-0.07204399,0.177777,0.1675596
-0.07204399,0.177777,0.1675596
-0.07619547,0.1741183,0.1675051
-0.07619547,0.1741183,0.1675051
-0.07619547,0.1741183,0.1675051
-0.07619547,0.1741183,0.1675051
-0.07619547,0.1741183,0.1675051
-0.08018437,0.1722126,0.1646694
-0.08018437,0.1722126,0.1646694
-0.08018437,0.1722126,0.1646694
-0.08018437,0.1722126,0.1646694
-0.08018437,0.1722126,0.1646694
-0.0805584,0.1701508,0.165584
-0.0805584,0.1701508,0.165584
-0.0805584,0.1701508,0.165584
-0.0805584,0.1701508,0.165584
-0.0805584,0.1701508,0.165584
-0.08068656,0.1706731,0.1648704
-0.08068656,0.1706731,0.1648704
-0.08068656,0.1706731,0.1648704
-0.08068656,0.1706731,0.1648704
-0.08068656,0.1706731,0.1648704
-0.07879252,0.1729413,0.1658652
-0.07879252,0.1729413,0.1658652
-0.07879252,0.1729413,0.1658652
-0.07879252,0.1729413,0.1658652
-0.07879252,0.1729413,0.1658652
-0.07950611,0.1736566,0.16628
-0.07950611,0.1736566,0.16628
-0.07950611,0.1736566,0.16628
-0.07950611,0.1736566,0.16628
-0.08031204,0.1741964,0.1653707
-0.08031204,0.1741964,0.1653707
-0.08031204,0.1741964,0.1653707
-0.08031204,0.1741964,0.1653707
-0.08031204,0.1741964,0.1653707
-0.08031204,0.1741964,0.1653707
-0.08129042,0.1730278,0.1665068
-0.08129042,0.1730278,0.1665068
-0.08129042,0.1730278,0.1665068
-0.08129042,0.1730278,0.1665068
-0.08129042,0.1730278,0.1665068
-0.07879608,0.1738483,0.1702151
-0.07879608,0.1738483,0.1702151
-0.07879608,0.1738483,0.1702151
-0.07879608,0.1738483,0.1702151
-0.07879608,0.1738483,0.1702151
-0.07921679,0.1748577,0.1702534
-0.07921679,0.1748577,0.1702534
-0.07921679,0.1748577,0.1702534
-0.07921679,0.1748577,0.1702534
-0.07833598,0.1754785,0.1710634
-0.07833598,0.1754785,0.1710634
-0.07833598,0.1754785,0.1710634
-0.07833598,0.1754785,0.1710634
-0.07833598,0.1754785,0.1710634
-0.07959632,0.1739381,0.1724084
-0.07959632,0.1739381,0.1724084
-0.07959632,0.1739381,0.1724084
-0.07959632,0.1739381,0.1724084
-0.07959632,0.1739381,0.1724084
-0.07959632,0.1739381,0.1724084
-0.08056565,0.1731332,0.1730179
-0.08056565,0.1731332,0.1730179
-0.08056565,0.1731332,0.1730179
-0.08056565,0.1731332,0.1730179
-0.08056565,0.1731332,0.1730179
-0.08120051,0.1725615,0.174372
-0.08120051,0.1725615,0.174372
-0.08120051,0.1725615,0.174372
-0.08120051,0.1725615,0.174372
-0.08066384,0.1744043,0.174578
-0.08066384,0.1744043,0.174578
-0.08066384,0.1744043,0.174578
-0.08066384,0.1744043,0.174578
-0.08066384,0.1744043,0.174578
-0.07882161,0.1768038,0.1772842
-0.07882161,0.1768038,0.1772842
-0.07882161,0.1768038,0.1772842
-0.07882161,0.1768038,0.1772842
-0.07882161,0.1768038,0.1772842
-0.07877162,0.1796925,0.1789718
-0.07877162,0.1796925,0.1789718
-0.07877162,0.1796925,0.1789718
-0.07877162,0.1796925,0.1789718
-0.07877162,0.1796925,0.1789718
-0.07877162,0.1796925,0.1789718
-0.08258662,0.1792615,0.1803509
-0.08258662,0.1792615,0.1803509
-0.08258662,0.1792615,0.1803509
-0.08258662,0.1792615,0.1803509
-0.08258662,0.1792615,0.1803509
-0.08387023,0.1791562,0.178705
-0.08387023,0.1791562,0.178705
-0.08387023,0.1791562,0.178705
-0.08387023,0.1791562,0.178705
-0.08308472,0.1788668,0.1790408
-0.08308472,0.1788668,0.1790408
-0.08308472,0.1788668,0.1790408
-0.08308472,0.1788668,0.1790408
-0.08308472,0.1788668,0.1790408
-0.08249672,0.1791787,0.1762253
-0.08249672,0.1791787,0.1762253
-0.08249672,0.1791787,0.1762253
-0.08249672,0.1791787,0.1762253
-0.08249672,0.1791787,0.1762253
-0.08249672,0.1791787,0.1762253
-0.0815466,0.1805667,0.1759267
-0.0815466,0.1805667,0.1759267
-0.0815466,0.1805667,0.1759267
-0.0815466,0.1805667,0.1759267
-0.0815466,0.1805667,0.1759267
-0.08093698,0.1811619,0.1763838
-0.08093698,0.1811619,0.1763838
-0.08093698,0.1811619,0.1763838
-0.08093698,0.1811619,0.1763838
-0.08093698,0.1811619,0.1763838
-0.08063612,0.1808364,0.1776216
-0.08063612,0.1808364,0.1776216
-0.08063612,0.1808364,0.1776216
-0.08063612,0.1808364,0.1776216
-0.08063612,0.1808364,0.1776216
-0.0800852,0.1816693,0.1777768
-0.0800852,0.1816693,0.1777768
-0.0800852,0.1816693,0.1777768
-0.07975224,0.1885751,0.174635
-0.07975224,0.1885751,0.174635
-0.07975224,0.1885751,0.174635
-0.07975224,0.1885751,0.174635
-0.06221542,0.2201632,0.1739146
-0.06221542,0.2201632,0.1739146
-0.06221542,0.2201632,0.1739146
-0.06221542,0.2201632,0.1739146
-0.03161155,0.2667368,0.1830968
-0.03161155,0.2667368,0.1830968
-0.03161155,0.2667368,0.1830968
0.02851691,0.3251458,0.1506606
0.02851691,0.3251458,0.1506606
0.02851691,0.3251458,0.1506606
0.0623176,0.3705639,0.1422873
0.0623176,0.3705639,0.1422873
0.0623176,0.3705639,0.1422873
0.07079365,0.3923292,0.1222921
0.07079365,0.3923292,0.1222921
0.07079365,0.3923292,0.1222921
0.0687868,0.3756475,0.1057305
0.0687868,0.3756475,0.1057305
0.0687868,0.3756475,0.1057305
0.0687868,0.3756475,0.1057305
0.0506223,0.3096569,0.0771985
0.0506223,0.3096569,0.0771985
0.0506223,0.3096569,0.0771985
-0.007575928,0.1874625,0.04312964
-0.007575928,0.1874625,0.04312964
-0.04296331,0.05493621,-0.02210232
-0.04296331,0.05493621,-0.02210232
-0.002909199,-0.01914413,-0.05211609
-0.002909199,-0.01914413,-0.05211609
-0.002909199,-0.01914413,-0.05211609
0.03124044,-0.02193879,-0.08835366
0.03124044,-0.02193879,-0.08835366
0.03124044,-0.02193879,-0.08835366
0.06837776,-0.01745903,-0.1004797
0.06837776,-0.01745903,-0.1004797
0.06837776,-0.01745903,-0.1004797
0.08681651,-0.01436785,-0.1330935
0.08681651,-0.01436785,-0.1330935
0.08681651,-0.01436785,-0.1330935
0.09049522,-0.007494223,-0.1352157
0.09049522,-0.007494223,-0.1352157
0.0978287,-0.01253609,-0.1200048
0.0978287,-0.01253609,-0.1200048
0.0978287,-0.01253609,-0.1200048
0.09643279,-0.02374291,-0.1134983
0.09643279,-0.02374291,-0.1134983
0.09643279,-0.02374291,-0.1134983
0.08405719,-0.03273654,-0.1078057
0.08405719,-0.03273654,-0.1078057
0.08405719,-0.03273654,-0.1078057
0.06308994,-0.04300907,-0.123343
0.06308994,-0.04300907,-0.123343
0.06308994,-0.04300907,-0.123343
0.06308994,-0.04300907,-0.123343
0.06570403,-0.04131451,-0.1172121
0.06570403,-0.04131451,-0.1172121
0.0391476,-0.05185967,-0.1365083
