x,y,z
0,0,0
0,0,0
0,0,0
0,0,0
0,0,0
-0.03151225,-0.01988371,0.002144044
-0.03151225,-0.01988371,0.002144044
-0.03151225,-0.01988371,0.002144044
-0.03151225,-0.01988371,0.002144044
-0.03151225,-0.01988371,0.002144044
-0.03151225,-0.01988371,0.002144044
-0.03111908,-0.0185886,0.003788043
-0.03111908,-0.0185886,0.003788043
-0.03111908,-0.0185886,0.003788043
-0.03111908,-0.0185886,0.003788043
-0.03111908,-0.0185886,0.003788043
-0.02689272,-0.01743772,0.003853536
-0.02689272,-0.01743772,0.003853536
-0.02689272,-0.01743772,0.003853536
-0.02685415,-0.01713452,0.003568636
-0.02685415,-0.01713452,0.003568636
-0.02685415,-0.01713452,0.003568636
-0.02685415,-0.01713452,0.003568636
-0.02853896,-0.01764096,0.003102653
-0.02853896,-0.01764096,0.003102653
-0.02853896,-0.01764096,0.003102653
-0.02853896,-0.01764096,0.003102653
-0.02853896,-0.01764096,0.003102653
-0.02667896,-0.01839904,0.003436079
-0.02667896,-0.01839904,0.003436079
-0.02667896,-0.01839904,0.003436079
-0.02667896,-0.01839904,0.003436079
-0.02667896,-0.01839904,0.003436079
-0.02644158,-0.01909216,0.007066928
-0.02644158,-0.01909216,0.007066928
-0.02644158,-0.01909216,0.007066928
-0.02657836,-0.01918274,0.007387657
-0.02657836,-0.01918274,0.007387657
-0.02657836,-0.01918274,0.007387657
-0.02693228,-0.02034806,0.006816997
-0.02693228,-0.02034806,0.006816997
-0.02693228,-0.02034806,0.006816997
-0.02693228,-0.02034806,0.006816997
-0.02672384,-0.02019746,0.005011717
-0.02672384,-0.02019746,0.005011717
-0.02591691,-0.021221,0.005554586
-0.02591691,-0.021221,0.005554586
-0.02591691,-0.021221,0.005554586
-0.02591691,-0.021221,0.005554586
-0.0259497,-0.02242064,0.005402416
-0.0259497,-0.02242064,0.005402416
-0.0259497,-0.02242064,0.005402416
-0.0259497,-0.02242064,0.005402416
-0.0259497,-0.02242064,0.005402416
-0.02756249,-0.02262039,0.005897171
-0.02756249,-0.02262039,0.005897171
-0.02756249,-0.02262039,0.005897171
-0.02758241,-0.02339653,0.007196141
-0.02758241,-0.02339653,0.007196141
-0.02892052,-0.02428047,0.007088462
-0.02892052,-0.02428047,0.007088462
-0.02892052,-0.02428047,0.007088462
-0.02801967,-0.02394724,0.006352545
-0.02801967,-0.02394724,0.006352545
-0.02801967,-0.02394724,0.006352545
-0.02854236,-0.02356194,0.006171432
-0.02854236,-0.02356194,0.006171432
-0.02854236,-0.02356194,0.006171432
-0.02854236,-0.02356194,0.006171432
-0.02683828,-0.02317869,0.006864247
-0.02683828,-0.02317869,0.006864247
-0.02677809,-0.02370095,0.006589826
-0.02677809,-0.02370095,0.006589826
-0.02677809,-0.02370095,0.006589826
-0.02553028,-0.0232288,0.006684539
-0.02553028,-0.0232288,0.006684539
-0.02553028,-0.0232288,0.006684539
-0.02553028,-0.0232288,0.006684539
-0.02489235,-0.0226113,0.0065508
-0.02489235,-0.0226113,0.0065508
-0.02489235,-0.0226113,0.0065508
-0.02369073,-0.02126676,0.005846424
-0.02369073,-0.02126676,0.005846424
-0.02369073,-0.02126676,0.005846424
-0.02316868,-0.02142519,0.005979447
-0.02316868,-0.02142519,0.005979447
-0.02316868,-0.02142519,0.005979447
-0.02374147,-0.02218417,0.005741921
-0.02374147,-0.02218417,0.005741921
-0.02374147,-0.02218417,0.005741921
-0.02463988,-0.02338885,0.00660681
-0.02463988,-0.02338885,0.00660681
-0.02463988,-0.02338885,0.00660681
-0.02463988,-0.02338885,0.00660681
-0.02549963,-0.02342058,0.006777717
-0.02549963,-0.02342058,0.006777717
-0.02549963,-0.02342058,0.006777717
-0.02537,-0.02162318,0.005629709
-0.02537,-0.02162318,0.005629709
-0.02537,-0.02162318,0.005629709
-0.02581062,-0.02015958,0.004676344
-0.02581062,-0.02015958,0.004676344
-0.02581062,-0.02015958,0.004676344
-0.02495986,-0.02027081,0.004397221
-0.02495986,-0.02027081,0.004397221
-0.02495986,-0.02027081,0.004397221
-0.02386397,-0.01973382,0.003937612
-0.02386397,-0.01973382,0.003937612
-0.02386397,-0.01973382,0.003937612
-0.02288788,-0.01833257,0.00370081
-0.02288788,-0.01833257,0.00370081
-0.02288788,-0.01833257,0.00370081
-0.02326623,-0.0167815,0.005487556
-0.02326623,-0.0167815,0.005487556
-0.02326623,-0.0167815,0.005487556
-0.02264538,-0.01493317,0.005632586
-0.02264538,-0.01493317,0.005632586
-0.02264538,-0.01493317,0.005632586
-0.02237344,-0.01500772,0.005334339
-0.02237344,-0.01500772,0.005334339
-0.02116563,-0.01466861,0.003283383
-0.02116563,-0.01466861,0.003283383
-0.02116563,-0.01466861,0.003283383
-0.02116563,-0.01466861,0.003283383
-0.02130663,-0.01497096,0.002079085
-0.02130663,-0.01497096,0.002079085
-0.02170711,-0.01542834,0.001395581
-0.02170711,-0.01542834,0.001395581
-0.02170711,-0.01542834,0.001395581
-0.01890718,-0.01508291,0.0008335386
-0.01890718,-0.01508291,0.0008335386
-0.01890718,-0.01508291,0.0008335386
-0.01890718,-0.01508291,0.0008335386
-0.01882556,-0.01546639,0.0007535046
-0.01882556,-0.01546639,0.0007535046
-0.01882556,-0.01546639,0.0007535046
-0.01990728,-0.01518186,-0.0004243152
-0.01990728,-0.01518186,-0.0004243152
-0.01990728,-0.01518186,-0.0004243152
-0.02127216,-0.01503644,-0.002586967
-0.02127216,-0.01503644,-0.002586967
-0.02133987,-0.01463462,-0.005037363
-0.02133987,-0.01463462,-0.005037363
-0.02133987,-0.01463462,-0.005037363
-0.02133987,-0.01463462,-0.005037363
-0.02107299,-0.01385653,-0.008633621
-0.02107299,-0.01385653,-0.008633621
-0.02107299,-0.01385653,-0.008633621
-0.01891242,-0.0129782,-0.01184126
-0.01891242,-0.0129782,-0.01184126
-0.01891242,-0.0129782,-0.01184126
-0.01918756,-0.01362712,-0.01281848
-0.01918756,-0.01362712,-0.01281848
-0.01918756,-0.01362712,-0.01281848
-0.01918756,-0.01362712,-0.01281848
-0.02100217,-0.01421166,-0.01202566
-0.02194502,-0.01478972,-0.01074423
-0.02194502,-0.01478972,-0.01074423
-0.02194502,-0.01478972,-0.01074423
-0.02106811,-0.01454529,-0.009346254
-0.02106811,-0.01454529,-0.009346254
-0.02106811,-0.01454529,-0.009346254
-0.01893488,-0.0134187,-0.009983434
-0.01893488,-0.0134187,-0.009983434
-0.01893488,-0.0134187,-0.009983434
-0.01930422,-0.01366595,-0.009394491
-0.01930422,-0.01366595,-0.009394491
-0.01930422,-0.01366595,-0.009394491
-0.01930422,-0.01366595,-0.009394491
-0.01868082,-0.01291446,-0.01013469
-0.01868082,-0.01291446,-0.01013469
-0.01925849,-0.01354161,-0.01030264
-0.01925849,-0.01354161,-0.01030264
-0.01925849,-0.01354161,-0.01030264
-0.01925849,-0.01354161,-0.01030264
-0.0188636,-0.01361581,-0.01031655
-0.0188636,-0.01361581,-0.01031655
-0.0188636,-0.01361581,-0.01031655
-0.01871802,-0.01404189,-0.01005325
-0.01871802,-0.01404189,-0.01005325
-0.01871802,-0.01404189,-0.01005325
-0.01871802,-0.01404189,-0.01005325
-0.01890551,-0.0136979,-0.01018351
-0.01890551,-0.0136979,-0.01018351
-0.01966347,-0.01274473,-0.01006538
-0.01966347,-0.01274473,-0.01006538
-0.01966347,-0.01274473,-0.01006538
-0.02084604,-0.01192948,-0.009363838
-0.02084604,-0.01192948,-0.009363838
-0.02084604,-0.01192948,-0.009363838
-0.02007077,-0.0114414,-0.009056297
-0.02007077,-0.0114414,-0.009056297
-0.02007077,-0.0114414,-0.009056297
-0.01909511,-0.01168519,-0.008479391
-0.01909511,-0.01168519,-0.008479391
-0.01909511,-0.01168519,-0.008479391
-0.02045211,-0.01221737,-0.008516299
-0.02045211,-0.01221737,-0.008516299
-0.02045211,-0.01221737,-0.008516299
-0.02045211,-0.01221737,-0.008516299
-0.02106518,-0.01196411,-0.008740081
-0.02106518,-0.01196411,-0.008740081
-0.02146081,-0.01218321,-0.008280988
-0.02146081,-0.01218321,-0.008280988
-0.02146081,-0.01218321,-0.008280988
-0.02146081,-0.01218321,-0.008280988
-0.01973219,-0.01224745,-0.01005218
-0.01973219,-0.01224745,-0.01005218
-0.01973219,-0.01224745,-0.01005218
-0.01678007,-0.01070445,-0.01088042
-0.01678007,-0.01070445,-0.01088042
-0.01678007,-0.01070445,-0.01088042
-0.01678007,-0.01070445,-0.01088042
-0.01701225,-0.009710276,-0.01125081
-0.01701225,-0.009710276,-0.01125081
-0.01701225,-0.009710276,-0.01125081
-0.01701225,-0.009710276,-0.01125081
-0.01843791,-0.008624371,-0.01101285
-0.01843791,-0.008624371,-0.01101285
-0.01843791,-0.008624371,-0.01101285
-0.01979018,-0.009241292,-0.01235044
-0.01979018,-0.009241292,-0.01235044
-0.01979018,-0.009241292,-0.01235044
-0.01913789,-0.009756375,-0.01203687
-0.01913789,-0.009756375,-0.01203687
-0.01913789,-0.009756375,-0.01203687
-0.01913789,-0.009756375,-0.01203687
-0.01819002,-0.009268397,-0.0120279
-0.01819002,-0.009268397,-0.0120279
-0.01819002,-0.009268397,-0.0120279
-0.01819002,-0.009268397,-0.0120279
-0.01819002,-0.009268397,-0.0120279
-0.01840366,-0.008368958,-0.01220698
-0.01840366,-0.008368958,-0.01220698
-0.01840366,-0.008368958,-0.01220698
-0.01840366,-0.008368958,-0.01220698
-0.01840366,-0.008368958,-0.01220698
-0.01817766,-0.008567369,-0.009889063
-0.01817766,-0.008567369,-0.009889063
-0.01817766,-0.008567369,-0.009889063
-0.01817766,-0.008567369,-0.009889063
-0.01740991,-0.008577571,-0.01037027
-0.01740991,-0.008577571,-0.01037027
-0.01740991,-0.008577571,-0.01037027
-0.01740991,-0.008577571,-0.01037027
-0.01740991,-0.008577571,-0.01037027
-0.01740991,-0.008577571,-0.01037027
-0.01928379,-0.009310431,-0.009982148
-0.01928379,-0.009310431,-0.009982148
-0.01928379,-0.009310431,-0.009982148
-0.01928379,-0.009310431,-0.009982148
-0.02047348,-0.009525008,-0.01031014
-0.02047348,-0.009525008,-0.01031014
-0.02047348,-0.009525008,-0.01031014
-0.02047348,-0.009525008,-0.01031014
-0.02047348,-0.009525008,-0.01031014
-0.0213203,-0.009378945,-0.01010363
-0.0213203,-0.009378945,-0.01010363
-0.0213203,-0.009378945,-0.01010363
-0.02212814,-0.009787622,-0.009365966
-0.02212814,-0.009787622,-0.009365966
-0.02212814,-0.009787622,-0.009365966
-0.02231551,-0.009312718,-0.009292437
-0.02231551,-0.009312718,-0.009292437
-0.02503913,-0.009684762,-0.009313291
-0.02503913,-0.009684762,-0.009313291
-0.02503913,-0.009684762,-0.009313291
-0.02503913,-0.009684762,-0.009313291
-0.02503913,-0.009684762,-0.009313291
-0.02549235,-0.009369277,-0.01077361
-0.02549235,-0.009369277,-0.01077361
-0.02549235,-0.009369277,-0.01077361
-0.02549235,-0.009369277,-0.01077361
-0.02549235,-0.009369277,-0.01077361
-0.02525908,-0.009406367,-0.01172032
-0.02525908,-0.009406367,-0.01172032
-0.02525908,-0.009406367,-0.01172032
-0.02525908,-0.009406367,-0.01172032
-0.02500666,-0.009303184,-0.01277343
-0.02500666,-0.009303184,-0.01277343
-0.02500666,-0.009303184,-0.01277343
-0.02500666,-0.009303184,-0.01277343
-0.02500666,-0.009303184,-0.01277343
-0.02532195,-0.009257107,-0.01459206
-0.02532195,-0.009257107,-0.01459206
-0.02532195,-0.009257107,-0.01459206
-0.02532195,-0.009257107,-0.01459206
-0.02766535,-0.007549991,-0.01685144
-0.02766535,-0.007549991,-0.01685144
-0.02766535,-0.007549991,-0.01685144
-0.03089276,-0.006691833,-0.0171309
-0.03089276,-0.006691833,-0.0171309
-0.03089276,-0.006691833,-0.0171309
-0.03335847,-0.006574931,-0.01730631
-0.03335847,-0.006574931,-0.01730631
-0.03335847,-0.006574931,-0.01730631
-0.03335847,-0.006574931,-0.01730631
-0.03360936,-0.007109839,-0.01741628
-0.03360936,-0.007109839,-0.01741628
-0.03360936,-0.007109839,-0.01741628
-0.03360936,-0.007109839,-0.01741628
-0.03400258,-0.006532294,-0.01857898
-0.03400258,-0.006532294,-0.01857898
-0.03400258,-0.006532294,-0.01857898
-0.03400258,-0.006532294,-0.01857898
-0.03540392,-0.004726419,-0.02156376
-0.03540392,-0.004726419,-0.02156376
-0.03540392,-0.004726419,-0.02156376
-0.03990889,0.007020144,-0.03974031
-0.03990889,0.007020144,-0.03974031
-0.03990889,0.007020144,-0.03974031
-0.06683022,0.09986141,-0.08076955
-0.06683022,0.09986141,-0.08076955
-0.06683022,0.09986141,-0.08076955
-0.06683022,0.09986141,-0.08076955
-0.08341542,0.2237495,-0.07159698
-0.08341542,0.2237495,-0.07159698
-0.08341542,0.2237495,-0.07159698
-0.08341542,0.2237495,-0.07159698
-0.06667218,0.2524879,-0.09329172
-0.06667218,0.2524879,-0.09329172
-0.06667218,0.2524879,-0.09329172
-0.06667218,0.2524879,-0.09329172
-0.05810489,0.2621862,-0.08979656
-0.05810489,0.2621862,-0.08979656
-0.04661226,0.2682123,-0.08986368
-0.04661226,0.2682123,-0.08986368
-0.04661226,0.2682123,-0.08986368
-0.04661226,0.2682123,-0.08986368
-0.04271129,0.268425,-0.08579431
-0.04271129,0.268425,-0.08579431
-0.04271129,0.268425,-0.08579431
-0.04272796,0.2687095,-0.08348165
-0.04272796,0.2687095,-0.08348165
-0.04272796,0.2687095,-0.08348165
-0.04272796,0.2687095,-0.08348165
-0.04249049,0.2691351,-0.07889893
-0.04249049,0.2691351,-0.07889893
-0.04249049,0.2691351,-0.07889893
-0.04249049,0.2691351,-0.07889893
-0.04324576,0.2693309,-0.07826837
-0.04324576,0.2693309,-0.07826837
-0.04324576,0.2693309,-0.07826837
-0.04274418,0.2705523,-0.07721223
-0.04274418,0.2705523,-0.07721223
-0.04274418,0.2705523,-0.07721223
-0.04248735,0.2703406,-0.07546512
-0.04248735,0.2703406,-0.07546512
-0.04248735,0.2703406,-0.07546512
-0.04248735,0.2703406,-0.07546512
-0.04248735,0.2703406,-0.07546512
-0.04216496,0.2694548,-0.07355656
-0.04216496,0.2694548,-0.07355656
-0.04216496,0.2694548,-0.07355656
-0.04216496,0.2694548,-0.07355656
-0.04035414,0.2701876,-0.0737337
-0.04035414,0.2701876,-0.0737337
-0.04035414,0.2701876,-0.0737337
-0.04035414,0.2701876,-0.0737337
-0.04035414,0.2701876,-0.0737337
-0.04035414,0.2701876,-0.0737337
-0.03767315,0.2721524,-0.07515891
-0.03767315,0.2721524,-0.07515891
-0.03767315,0.2721524,-0.07515891
-0.03767315,0.2721524,-0.07515891
-0.03767315,0.2721524,-0.07515891
-0.03523811,0.2739353,-0.07389165
-0.03523811,0.2739353,-0.07389165
-0.03523811,0.2739353,-0.07389165
-0.03523811,0.2739353,-0.07389165
-0.03746215,0.2722326,-0.06922841
-0.03746215,0.2722326,-0.06922841
-0.03746215,0.2722326,-0.06922841
-0.03746215,0.2722326,-0.06922841
-0.03676785,0.2730074,-0.07118905
-0.03676785,0.2730074,-0.07118905
-0.03676785,0.2730074,-0.07118905
-0.03676785,0.2730074,-0.07118905
-0.03632762,0.2718763,-0.06899409
-0.03632762,0.2718763,-0.06899409
-0.03632762,0.2718763,-0.06899409
-0.03632762,0.2718763,-0.06899409
-0.03548577,0.2724792,-0.06958306
-0.03548577,0.2724792,-0.06958306
-0.03548577,0.2724792,-0.06958306
-0.03533014,0.2724836,-0.06944427
-0.03533014,0.2724836,-0.06944427
-0.03533014,0.2724836,-0.06944427
-0.03533014,0.2724836,-0.06944427
-0.03533014,0.2724836,-0.06944427
-0.03479087,0.2709401,-0.0663943
-0.03479087,0.2709401,-0.0663943
-0.03479087,0.2709401,-0.0663943
-0.03443735,0.2695278,-0.06776681
-0.03443735,0.2695278,-0.06776681
-0.03443735,0.2695278,-0.06776681
-0.03443735,0.2695278,-0.06776681
-0.03443735,0.2695278,-0.06776681
-0.03419518,0.2683388,-0.06809756
-0.03419518,0.2683388,-0.06809756
-0.03419518,0.2683388,-0.06809756
-0.03419518,0.2683388,-0.06809756
-0.03419518,0.2683388,-0.06809756
-0.03408246,0.2676356,-0.06624836
-0.03408246,0.2676356,-0.06624836
-0.03408246,0.2676356,-0.06624836
-0.03408246,0.2676356,-0.06624836
-0.03408246,0.2676356,-0.06624836
-0.0340388,0.2675266,-0.06394374
-0.0340388,0.2675266,-0.06394374
-0.0340388,0.2675266,-0.06394374
-0.0340388,0.2675266,-0.06394374
-0.03409135,0.267106,-0.0640955
-0.03409135,0.267106,-0.0640955
-0.03409135,0.267106,-0.0640955
-0.03409135,0.267106,-0.0640955
-0.03489564,0.2663712,-0.06145499
-0.03489564,0.2663712,-0.06145499
-0.03489564,0.2663712,-0.06145499
-0.03489564,0.2663712,-0.06145499
-0.03489564,0.2663712,-0.06145499
-0.03489564,0.2663712,-0.06145499
-0.03568559,0.2656406,-0.05856716
-0.03568559,0.2656406,-0.05856716
-0.03568559,0.2656406,-0.05856716
-0.03568559,0.2656406,-0.05856716
-0.03595895,0.2665912,-0.05703948
-0.03595895,0.2665912,-0.05703948
-0.03595895,0.2665912,-0.05703948
-0.03595895,0.2665912,-0.05703948
-0.03595895,0.2665912,-0.05703948
-0.03520698,0.2670372,-0.05710814
-0.03520698,0.2670372,-0.05710814
-0.03520698,0.2670372,-0.05710814
-0.03520698,0.2670372,-0.05710814
-0.03672203,0.2664918,-0.05602085
-0.03672203,0.2664918,-0.05602085
-0.03672203,0.2664918,-0.05602085
-0.03672203,0.2664918,-0.05602085
-0.03672203,0.2664918,-0.05602085
-0.03720581,0.2662865,-0.05602323
-0.03720581,0.2662865,-0.05602323
-0.03720581,0.2662865,-0.05602323
-0.03720581,0.2662865,-0.05602323
-0.03720581,0.2662865,-0.05602323
-0.03720581,0.2662865,-0.05602323
-0.03708206,0.2665536,-0.05533125
-0.03708206,0.2665536,-0.05533125
-0.03737412,0.2667463,-0.05413763
-0.03737412,0.2667463,-0.05413763
-0.03737412,0.2667463,-0.05413763
-0.0373858,0.2666939,-0.05314104
-0.0373858,0.2666939,-0.05314104
-0.0373858,0.2666939,-0.05314104
-0.03765844,0.2654706,-0.05308981
-0.03765844,0.2654706,-0.05308981
-0.03765844,0.2654706,-0.05308981
-0.03706028,0.2647868,-0.053156
-0.03706028,0.2647868,-0.053156
-0.03706028,0.2647868,-0.053156
-0.0361471,0.2655529,-0.0528674
-0.0361471,0.2655529,-0.0528674
-0.0361471,0.2655529,-0.0528674
-0.03621066,0.2656693,-0.05305164
-0.03621066,0.2656693,-0.05305164
-0.03621066,0.2656693,-0.05305164
-0.03621066,0.2656693,-0.05305164
-0.03583718,0.2659282,-0.05207037
-0.03583718,0.2659282,-0.05207037
-0.03583718,0.2659282,-0.05207037
-0.03657854,0.2651561,-0.05066168
-0.03657854,0.2651561,-0.05066168
-0.03657854,0.2651561,-0.05066168
-0.03640988,0.2654616,-0.05039416
-0.03640988,0.2654616,-0.05039416
-0.03640988,0.2654616,-0.05039416
-0.03640988,0.2654616,-0.05039416
-0.03536018,0.2667269,-0.05029447
-0.03536018,0.2667269,-0.05029447
-0.03536018,0.2667269,-0.05029447
-0.03534782,0.267119,-0.04919336
-0.03534782,0.267119,-0.04919336
-0.03534782,0.267119,-0.04919336
-0.03534782,0.267119,-0.04919336
-0.03544289,0.2675865,-0.04769989
-0.03544289,0.2675865,-0.04769989
-0.03544289,0.2675865,-0.04769989
-0.0356059,0.2671266,-0.04818302
-0.0356059,0.2671266,-0.04818302
-0.0356059,0.2671266,-0.04818302
-0.0356059,0.2671266,-0.04818302
-0.03498141,0.2669006,-0.04876199
-0.03498141,0.2669006,-0.04876199
-0.03498141,0.2669006,-0.04876199
-0.03432051,0.2669119,-0.04795716
-0.03432051,0.2669119,-0.04795716
-0.03432051,0.2669119,-0.04795716
-0.03432051,0.2669119,-0.04795716
-0.03418182,0.2675171,-0.04795814
-0.03418182,0.2675171,-0.04795814
-0.03418182,0.2675171,-0.04795814
-0.03418182,0.2675171,-0.04795814
-0.03401789,0.2667757,-0.04679693
-0.03401789,0.2667757,-0.04679693
-0.03401789,0.2667757,-0.04679693
-0.03449338,0.2653442,-0.04672186
-0.03449338,0.2653442,-0.04672186
-0.03449338,0.2653442,-0.04672186
-0.03381407,0.2656273,-0.04736848
-0.03381407,0.2656273,-0.04736848
-0.03381407,0.2656273,-0.04736848
-0.03381407,0.2656273,-0.04736848
-0.03299399,0.2661462,-0.04626073
-0.03299399,0.2661462,-0.04626073
-0.03299399,0.2661462,-0.04626073
-0.03299399,0.2661462,-0.04626073
-0.03264333,0.2658514,-0.04642184
-0.03264333,0.2658514,-0.04642184
-0.03264333,0.2658514,-0.04642184
-0.03264333,0.2658514,-0.04642184
-0.03264333,0.2658514,-0.04642184
-0.03241324,0.2653264,-0.04657327
-0.03241324,0.2653264,-0.04657327
-0.03241324,0.2653264,-0.04657327
-0.03284796,0.265443,-0.04628319
-0.03284796,0.265443,-0.04628319
-0.03284796,0.265443,-0.04628319
-0.03284796,0.265443,-0.04628319
-0.03289532,0.265514,-0.04682721
-0.03289532,0.265514,-0.04682721
-0.03289532,0.265514,-0.04682721
-0.03289532,0.265514,-0.04682721
-0.03309102,0.2643547,-0.04554658
-0.03309102,0.2643547,-0.04554658
-0.03309102,0.2643547,-0.04554658
-0.03309102,0.2643547,-0.04554658
-0.03309102,0.2643547,-0.04554658
-0.03289286,0.2630077,-0.04685032
-0.03289286,0.2630077,-0.04685032
-0.03289286,0.2630077,-0.04685032
-0.03338704,0.2630874,-0.04681666
-0.03338704,0.2630874,-0.04681666
-0.03227832,0.2639138,-0.0469082
-0.03227832,0.2639138,-0.0469082
-0.03227832,0.2639138,-0.0469082
-0.03227832,0.2639138,-0.0469082
-0.03071335,0.2647182,-0.04722765
-0.03071335,0.2647182,-0.04722765
-0.03071335,0.2647182,-0.04722765
-0.03071335,0.2647182,-0.04722765
-0.0300437,0.2657509,-0.04763119
-0.0300437,0.2657509,-0.04763119
-0.0300437,0.2657509,-0.04763119
-0.0300437,0.2657509,-0.04763119
-0.02885883,0.2660808,-0.0482826
-0.02885883,0.2660808,-0.0482826
-0.02885883,0.2660808,-0.0482826
-0.02885883,0.2660808,-0.0482826
-0.03008306,0.2654596,-0.04821171
-0.03008306,0.2654596,-0.04821171
-0.03008306,0.2654596,-0.04821171
-0.03008306,0.2654596,-0.04821171
-0.0296859,0.2666695,-0.04775021
-0.0296859,0.2666695,-0.04775021
-0.0296859,0.2666695,-0.04775021
-0.0296859,0.2666695,-0.04775021
-0.02835918,0.2679422,-0.04701288
-0.02835918,0.2679422,-0.04701288
-0.02835918,0.2679422,-0.04701288
-0.02770795,0.2683971,-0.0464091
-0.02770795,0.2683971,-0.0464091
-0.02770795,0.2683971,-0.0464091
-0.02770795,0.2683971,-0.0464091
-0.02670587,0.268401,-0.04685963
-0.02670587,0.268401,-0.04685963
-0.02670587,0.268401,-0.04685963
-0.02670587,0.268401,-0.04685963
-0.02670587,0.268401,-0.04685963
-0.02718972,0.267562,-0.04657998
-0.02718972,0.267562,-0.04657998
-0.02718972,0.267562,-0.04657998
-0.02718972,0.267562,-0.04657998
-0.02750188,0.2680105,-0.04680986
-0.02750188,0.2680105,-0.04680986
-0.02750188,0.2680105,-0.04680986
-0.02750188,0.2680105,-0.04680986
-0.02750188,0.2680105,-0.04680986
-0.02712397,0.2686837,-0.04661272
-0.02712397,0.2686837,-0.04661272
-0.02712397,0.2686837,-0.04661272
-0.02712397,0.2686837,-0.04661272
-0.02628593,0.2693141,-0.04775291
-0.02628593,0.2693141,-0.04775291
-0.02628593,0.2693141,-0.04775291
-0.02628593,0.2693141,-0.04775291
-0.02628593,0.2693141,-0.04775291
-0.02485387,0.2694353,-0.04845367
-0.02485387,0.2694353,-0.04845367
-0.02485387,0.2694353,-0.04845367
-0.02485387,0.2694353,-0.04845367
-0.02496462,0.2693681,-0.04833919
-0.02496462,0.2693681,-0.04833919
-0.02496462,0.2693681,-0.04833919
-0.02496462,0.2693681,-0.04833919
-0.02560143,0.2695131,-0.04813967
-0.02560143,0.2695131,-0.04813967
-0.02560143,0.2695131,-0.04813967
-0.02569244,0.270384,-0.04781176
-0.02569244,0.270384,-0.04781176
-0.02569244,0.270384,-0.04781176
-0.02569244,0.270384,-0.04781176
-0.02533049,0.2710916,-0.04817363
-0.02533049,0.2710916,-0.04817363
-0.02533049,0.2710916,-0.04817363
-0.02617388,0.2709196,-0.04745111
-0.02617388,0.2709196,-0.04745111
-0.02617388,0.2709196,-0.04745111
-0.02656553,0.2715307,-0.04748504
-0.02656553,0.2715307,-0.04748504
-0.02656553,0.2715307,-0.04748504
-0.02656553,0.2715307,-0.04748504
-0.02649681,0.2719381,-0.04701374
-0.02649681,0.2719381,-0.04701374
-0.02649681,0.2719381,-0.04701374
-0.02644806,0.2720633,-0.04677166
-0.02644806,0.2720633,-0.04677166
-0.02644806,0.2720633,-0.04677166
-0.02649123,0.271703,-0.04740194
-0.02649123,0.271703,-0.04740194
-0.02649123,0.271703,-0.04740194
-0.02649123,0.271703,-0.04740194
-0.02680956,0.2714432,-0.0474925
-0.02680956,0.2714432,-0.0474925
-0.02680956,0.2714432,-0.0474925
-0.02680956,0.2714432,-0.0474925
-0.02588713,0.2714344,-0.0482762
-0.02588713,0.2714344,-0.0482762
-0.02588713,0.2714344,-0.0482762
-0.02588713,0.2714344,-0.0482762
-0.02588713,0.2714344,-0.0482762
-0.02631376,0.2711308,-0.0473784
-0.02631376,0.2711308,-0.0473784
-0.02631376,0.2711308,-0.0473784
-0.02703632,0.2711962,-0.04715843
-0.02703632,0.2711962,-0.04715843
-0.02703632,0.2711962,-0.04715843
-0.02703632,0.2711962,-0.04715843
-0.02773274,0.2712394,-0.04674317
-0.02773274,0.2712394,-0.04674317
-0.02773274,0.2712394,-0.04674317
-0.0270575,0.2712827,-0.04646736
-0.0270575,0.2712827,-0.04646736
-0.0270575,0.2712827,-0.04646736
-0.02666471,0.2708561,-0.04569808
-0.02666471,0.2708561,-0.04569808
-0.02698834,0.270529,-0.0447629
-0.02698834,0.270529,-0.0447629
-0.02734544,0.2696913,-0.04390841
-0.02734544,0.2696913,-0.04390841
-0.02734544,0.2696913,-0.04390841
-0.02730953,0.2695413,-0.04299952
-0.02730953,0.2695413,-0.04299952
-0.02730953,0.2695413,-0.04299952
-0.02730953,0.2695413,-0.04299952
-0.02723728,0.2698366,-0.04343989
-0.02723728,0.2698366,-0.04343989
-0.02773437,0.2705166,-0.04285763
-0.02773437,0.2705166,-0.04285763
-0.02773437,0.2705166,-0.04285763
-0.02803546,0.2705742,-0.04289603
-0.02803546,0.2705742,-0.04289603
-0.02803546,0.2705742,-0.04289603
-0.02767561,0.2670108,-0.04048957
-0.02767561,0.2670108,-0.04048957
-0.02767561,0.2670108,-0.04048957
-0.02661825,0.2291237,-0.008033632
-0.02661825,0.2291237,-0.008033632
-0.02661825,0.2291237,-0.008033632
-0.02452735,0.08760812,0.02459737
-0.02452735,0.08760812,0.02459737
-0.02452735,0.08760812,0.02459737
-0.01531218,0.02311122,0.0006736121
-0.01531218,0.02311122,0.0006736121
-0.01531218,0.02311122,0.0006736121
0.002361024,0.00659875,-0.005890984
0.002361024,0.00659875,-0.005890984
-0.01307596,-0.007392077,-0.01135468
-0.01307596,-0.007392077,-0.01135468
-0.0144579,-0.004829987,-0.007522254
-0.0144579,-0.004829987,-0.007522254
-0.0144579,-0.004829987,-0.007522254
-0.01101838,-0.002472297,-0.006571024
-0.01101838,-0.002472297,-0.006571024
-0.008443757,-0.003055412,-0.006385128
-0.008443757,-0.003055412,-0.006385128
-0.008443757,-0.003055412,-0.006385128
-0.007475186,-0.00128894,-0.006583266
-0.007475186,-0.00128894,-0.006583266
-0.007475186,-0.00128894,-0.006583266
-0.01115703,-0.001438062,-0.00429511
-0.01115703,-0.001438062,-0.00429511
-0.01115703,-0.001438062,-0.00429511
-0.01115703,-0.001438062,-0.00429511
-0.007748403,0.001105164,-0.003983011
-0.007748403,0.001105164,-0.003983011
-0.008070788,-0.0003115688,-0.001393841
-0.008070788,-0.0003115688,-0.001393841
-0.009629257,0.002109005,0.002805484
-0.009629257,0.002109005,0.002805484
-0.009629257,0.002109005,0.002805484
-0.003982691,0.00398998,0.0002786399
-0.003982691,0.00398998,0.0002786399
-1.387578E-05,0.002864749,3.755593E-05
-1.387578E-05,0.002864749,3.755593E-05
-1.387578E-05,0.002864749,3.755593E-05
-0.001658357,0.002453175,-0.001449731
-0.001658357,0.002453175,-0.001449731
-0.001658357,0.002453175,-0.001449731
-0.00281302,0.003649298,-0.002805061
-0.00281302,0.003649298,-0.002805061
-0.00281302,0.003649298,-0.002805061
-0.007392406,0.005084902,-0.002402502
-0.007392406,0.005084902,-0.002402502
-0.004478909,0.005880998,-0.001295113
-0.004478909,0.005880998,-0.001295113
-0.003407507,0.006750953,-0.002800772
-0.003407507,0.006750953,-0.002800772
-0.002529322,0.0067198,-0.003111366
-0.002529322,0.0067198,-0.003111366
-0.002529322,0.0067198,-0.003111366
-0.002581072,0.006716602,-0.004377193
-0.002581072,0.006716602,-0.004377193
-0.003173759,0.007046057,-0.004379156
-0.003173759,0.007046057,-0.004379156
-0.003173759,0.007046057,-0.004379156
-0.00214618,0.007239089,-0.004935914
-0.00214618,0.007239089,-0.004935914
-0.003348315,0.005469083,-0.004120926
-0.003348315,0.005469083,-0.004120926
-0.003348315,0.005469083,-0.004120926
-0.004088843,0.006210065,-0.00563368
-0.004088843,0.006210065,-0.00563368
-0.003904879,0.006307086,-0.005951496
-0.003904879,0.006307086,-0.005951496
-0.003904879,0.006307086,-0.005951496
-0.003184999,0.006383144,-0.005555145
-0.003184999,0.006383144,-0.005555145
-0.003247303,0.006449029,-0.00518984
-0.003247303,0.006449029,-0.00518984
-0.003247303,0.006449029,-0.00518984
-0.004296018,0.006808171,-0.004504473
-0.004296018,0.006808171,-0.004504473
-0.004407019,0.007167709,-0.004875198
-0.004407019,0.007167709,-0.004875198
-0.004407019,0.007167709,-0.004875198
-0.004266133,0.006649482,-0.004519775
-0.004266133,0.006649482,-0.004519775
-0.004494988,0.007441063,-0.004883144
-0.004494988,0.007441063,-0.004883144
-0.004494988,0.007441063,-0.004883144
-0.005409093,0.007172906,-0.005281559
-0.005409093,0.007172906,-0.005281559
-0.00418243,0.007597296,-0.004681707
-0.00418243,0.007597296,-0.004681707
-0.00418243,0.007597296,-0.004681707
-0.003157339,0.008056169,-0.004536162
-0.003157339,0.008056169,-0.004536162
-0.003332981,0.00865607,-0.005023798
-0.003332981,0.00865607,-0.005023798
-0.003332981,0.00865607,-0.005023798
-0.003853583,0.00867006,-0.005305217
-0.003853583,0.00867006,-0.005305217
-0.004305737,0.008067363,-0.005375893
-0.004305737,0.008067363,-0.005375893
-0.006320252,0.007819253,-0.004979805
-0.006320252,0.007819253,-0.004979805
-0.006320252,0.007819253,-0.004979805
-0.006784682,0.007785369,-0.004688833
-0.006784682,0.007785369,-0.004688833
-0.006784682,0.007785369,-0.004688833
-0.005617367,0.008242462,-0.004740753
-0.005617367,0.008242462,-0.004740753
-0.005069178,0.00847554,-0.005063355
-0.005069178,0.00847554,-0.005063355
-0.005573632,0.008878591,-0.005288664
-0.005573632,0.008878591,-0.005288664
-0.00613718,0.009005688,-0.005514261
-0.00613718,0.009005688,-0.005514261
-0.00613718,0.009005688,-0.005514261
-0.00628555,0.00836559,-0.005906397
-0.00628555,0.00836559,-0.005906397
-0.00628555,0.00836559,-0.005906397
-0.00623638,0.008260821,-0.006563131
-0.00623638,0.008260821,-0.006563131
-0.005711163,0.009544289,-0.007046287
-0.005711163,0.009544289,-0.007046287
-0.005711163,0.009544289,-0.007046287
-0.004273257,0.009904384,-0.007652901
-0.004273257,0.009904384,-0.007652901
-0.004597318,0.009252396,-0.007594314
-0.004597318,0.009252396,-0.007594314
-0.005365665,0.009017932,-0.008442985
-0.005365665,0.009017932,-0.008442985
-0.005922996,0.008628087,-0.009122891
-0.005922996,0.008628087,-0.009122891
-0.005922996,0.008628087,-0.009122891
-0.004324724,0.008708611,-0.00954121
-0.004324724,0.008708611,-0.00954121
-0.004871768,0.008853894,-0.009456395
-0.004871768,0.008853894,-0.009456395
-0.005995697,0.009105578,-0.009890423
-0.005995697,0.009105578,-0.009890423
-0.006534611,0.008796388,-0.01002125
-0.006534611,0.008796388,-0.01002125
-0.006981611,0.008970231,-0.01006318
-0.006981611,0.008970231,-0.01006318
-0.006853097,0.008908877,-0.008332345
-0.006853097,0.008908877,-0.008332345
-0.007035815,0.009601053,-0.008158264
-0.007035815,0.009601053,-0.008158264
-0.007035815,0.009601053,-0.008158264
-0.008036429,0.009929553,-0.00815555
-0.008036429,0.009929553,-0.00815555
-0.007924362,0.009828345,-0.007513701
-0.008231544,0.009457139,-0.007348631
-0.008231544,0.009457139,-0.007348631
-0.008231544,0.009457139,-0.007348631
-0.008178196,0.009147869,-0.007506342
-0.008178196,0.009147869,-0.007506342
-0.008226953,0.009137604,-0.007816541
-0.008226953,0.009137604,-0.007816541
-0.007929775,0.008780721,-0.007358201
-0.007929775,0.008780721,-0.007358201
-0.00802218,0.00843306,-0.007977215
-0.00802218,0.00843306,-0.007977215
-0.007528063,0.007980505,-0.008131501
-0.007528063,0.007980505,-0.008131501
-0.00752414,0.008419486,-0.00811534
-0.00752414,0.008419486,-0.00811534
-0.007983789,0.008199798,-0.007779821
-0.007983789,0.008199798,-0.007779821
-0.007690953,0.007663885,-0.008108329
-0.007690953,0.007663885,-0.008108329
-0.007366413,0.007179155,-0.008678309
-0.007366413,0.007179155,-0.008678309
-0.007366413,0.007179155,-0.008678309
-0.008133584,0.006680966,-0.008863752
-0.008133584,0.006680966,-0.008863752
-0.007968532,0.006934708,-0.009257928
-0.007968532,0.006934708,-0.009257928
-0.007871353,0.006663152,-0.008966473
-0.007871353,0.006663152,-0.008966473
-0.007458594,0.007273864,-0.008629523
-0.007458594,0.007273864,-0.008629523
-0.00764591,0.007660862,-0.00860862
-0.00764591,0.007660862,-0.00860862
-0.006968097,0.007260943,-0.008155621
-0.006968097,0.007260943,-0.008155621
-0.006009509,0.007772444,-0.007651136
-0.006009509,0.007772444,-0.007651136
-0.005801687,0.00832352,-0.007036099
-0.005801687,0.00832352,-0.007036099
-0.005801687,0.00832352,-0.007036099
-0.005731948,0.008447511,-0.005367965
-0.005385302,0.008557353,-0.00491434
-0.005385302,0.008557353,-0.00491434
-0.005385302,0.008557353,-0.00491434
-0.005652606,0.008040931,-0.004472072
-0.005652606,0.008040931,-0.004472072
-0.004588641,0.006132457,-0.003492612
-0.004588641,0.006132457,-0.003492612
-0.004588641,0.006132457,-0.003492612
0.004702847,-0.01186308,-0.003023757
0.05378659,-0.133603,-0.03168646
0.04054511,-0.2250921,-0.04596763
0.04054511,-0.2250921,-0.04596763
0.04054511,-0.2250921,-0.04596763
0.006276493,-0.2401299,-0.0652267
0.006276493,-0.2401299,-0.0652267
-0.001345238,-0.2408027,-0.06243812
-0.001345238,-0.2408027,-0.06243812
-0.001815179,-0.2415233,-0.06208819
-0.001815179,-0.2415233,-0.06208819
-0.01173216,-0.2446068,-0.06317931
-0.01173216,-0.2446068,-0.06317931
-0.01301789,-0.2463578,-0.06620777
-0.01301789,-0.2463578,-0.06620777
-0.008324668,-0.2459684,-0.0709551
-0.008324668,-0.2459684,-0.0709551
-0.00998651,-0.2441877,-0.07649694
-0.00998651,-0.2441877,-0.07649694
-0.00998651,-0.2441877,-0.07649694
-0.01028753,-0.2442349,-0.07979173
-0.01037517,-0.2429103,-0.07925493
-0.01037517,-0.2429103,-0.07925493
-0.01037517,-0.2429103,-0.07925493
-0.0121264,-0.2437383,-0.08206473
-0.0121264,-0.2437383,-0.08206473
-0.01199844,-0.2433753,-0.08204237
-0.01199844,-0.2433753,-0.08204237
-0.01199844,-0.2433753,-0.08204237
-0.01199844,-0.2433753,-0.08204237
-0.009992232,-0.2429935,-0.08114146
-0.009992232,-0.2429935,-0.08114146
-0.009992232,-0.2429935,-0.08114146
-0.009992232,-0.2429935,-0.08114146
-0.009377738,-0.2427424,-0.08276506
-0.009377738,-0.2427424,-0.08276506
-0.009377738,-0.2427424,-0.08276506
-0.007645458,-0.2436802,-0.08197017
-0.007645458,-0.2436802,-0.08197017
-0.007645458,-0.2436802,-0.08197017
-0.007645458,-0.2436802,-0.08197017
-0.007645458,-0.2436802,-0.08197017
-0.007205476,-0.244509,-0.0812691
-0.007205476,-0.244509,-0.0812691
-0.007205476,-0.244509,-0.0812691
-0.008062381,-0.2438668,-0.08304794
-0.007825703,-0.2434713,-0.08352271
-0.007825703,-0.2434713,-0.08352271
-0.006774455,-0.2446918,-0.08433723
-0.006774455,-0.2446918,-0.08433723
-0.0054366,-0.2456744,-0.08582553
-0.0054366,-0.2456744,-0.08582553
-0.0054366,-0.2456744,-0.08582553
-0.004331951,-0.2463801,-0.08653763
-0.004331951,-0.2463801,-0.08653763
-0.004331951,-0.2463801,-0.08653763
-0.005051926,-0.2461809,-0.08645408
-0.005051926,-0.2461809,-0.08645408
-0.005711458,-0.2460702,-0.08686219
-0.005711458,-0.2460702,-0.08686219
-0.007358877,-0.2465578,-0.08613407
-0.007358877,-0.2465578,-0.08613407
-0.007946552,-0.2476133,-0.08491923
-0.007946552,-0.2476133,-0.08491923
-0.007946552,-0.2476133,-0.08491923
-0.005873309,-0.2483972,-0.08499169
-0.005873309,-0.2483972,-0.08499169
-0.004066912,-0.2486034,-0.08484686
-0.004066912,-0.2486034,-0.08484686
-0.00257399,-0.2489167,-0.08420095
-0.00257399,-0.2489167,-0.08420095
-0.004109118,-0.2497724,-0.08491484
-0.004109118,-0.2497724,-0.08491484
-0.0048519,-0.2507365,-0.08507026
-0.0048519,-0.2507365,-0.08507026
-0.0048519,-0.2507365,-0.08507026
-0.006661078,-0.2510904,-0.08492073
-0.006661078,-0.2510904,-0.08492073
-0.006876774,-0.2512022,-0.08383708
-0.008082755,-0.2512568,-0.08284933
-0.008082755,-0.2512568,-0.08284933
-0.008082755,-0.2512568,-0.08284933
-0.005613115,-0.2513716,-0.08200498
-0.005613115,-0.2513716,-0.08200498
-0.004826725,-0.2512873,-0.08246815
-0.004826725,-0.2512873,-0.08246815
-0.004943895,-0.2514426,-0.08156703
-0.004943895,-0.2514426,-0.08156703
-0.004575535,-0.2511882,-0.0810224
-0.004575535,-0.2511882,-0.0810224
-0.004575535,-0.2511882,-0.0810224
-0.004841381,-0.2508026,-0.0805167
-0.004374169,-0.2507168,-0.07896063
-0.004374169,-0.2507168,-0.07896063
-0.003611195,-0.251173,-0.07851013
-0.003611195,-0.251173,-0.07851013
-0.003385643,-0.2505231,-0.07922602
-0.003385643,-0.2505231,-0.07922602
-0.002624638,-0.2503676,-0.07888129
-0.002624638,-0.2503676,-0.07888129
-0.002624638,-0.2503676,-0.07888129
-0.003482028,-0.250626,-0.07940033
-0.003482028,-0.250626,-0.07940033
-0.003393425,-0.250027,-0.0782516
-0.003393425,-0.250027,-0.0782516
-0.003614157,-0.2492567,-0.07760441
-0.003614157,-0.2492567,-0.07760441
-0.003982846,-0.2492975,-0.07730862
-0.003982846,-0.2492975,-0.07730862
-0.003122415,-0.2488358,-0.07692686
-0.003122415,-0.2488358,-0.07692686
-0.002538873,-0.2479786,-0.07728224
-0.002538873,-0.2479786,-0.07728224
-0.002453236,-0.2478784,-0.07764336
-0.002453236,-0.2478784,-0.07764336
-0.002530421,-0.2475243,-0.07776119
-0.002530421,-0.2475243,-0.07776119
0.002675276,-0.2472024,-0.07645414
0.002675276,-0.2472024,-0.07645414
0.003847264,-0.2466993,-0.07805824
0.003847264,-0.2466993,-0.07805824
0.003745756,-0.2464023,-0.07781097
0.003745756,-0.2464023,-0.07781097
0.002481569,-0.2467946,-0.07866903
0.002481569,-0.2467946,-0.07866903
0.002481569,-0.2467946,-0.07866903
0.003955896,-0.2471341,-0.07817829
0.003955896,-0.2471341,-0.07817829
0.0044568,-0.2467097,-0.07847092
0.003667856,-0.2460504,-0.0794353
0.003667856,-0.2460504,-0.0794353
0.003667856,-0.2460504,-0.0794353
0.003667856,-0.2460504,-0.0794353
0.003667856,-0.2460504,-0.0794353
0.003030809,-0.2460207,-0.0805367
0.003030809,-0.2460207,-0.0805367
0.003030809,-0.2460207,-0.0805367
0.00316674,-0.246581,-0.08022612
0.00316674,-0.246581,-0.08022612
0.00316674,-0.246581,-0.08022612
0.00316674,-0.246581,-0.08022612
0.00316674,-0.246581,-0.08022612
0.003445613,-0.2470636,-0.08044734
0.003445613,-0.2470636,-0.08044734
0.003445613,-0.2470636,-0.08044734
0.002588143,-0.2464516,-0.08021463
0.002588143,-0.2464516,-0.08021463
0.002588143,-0.2464516,-0.08021463
0.002588143,-0.2464516,-0.08021463
0.001715536,-0.2459965,-0.08033208
0.001715536,-0.2459965,-0.08033208
0.001715536,-0.2459965,-0.08033208
0.001715536,-0.2459965,-0.08033208
0.002250504,-0.2457109,-0.08059166
0.002250504,-0.2457109,-0.08059166
0.002250504,-0.2457109,-0.08059166
0.003418698,-0.2451027,-0.08097299
0.003418698,-0.2451027,-0.08097299
0.003418698,-0.2451027,-0.08097299
0.003418698,-0.2451027,-0.08097299
0.003418698,-0.2451027,-0.08097299
0.003698635,-0.2437807,-0.08141471
0.003698635,-0.2437807,-0.08141471
0.003698635,-0.2437807,-0.08141471
0.004119343,-0.2430703,-0.08085018
0.004119343,-0.2430703,-0.08085018
0.004119343,-0.2430703,-0.08085018
0.004119343,-0.2430703,-0.08085018
0.003116469,-0.2430177,-0.08066814
0.003116469,-0.2430177,-0.08066814
0.003116469,-0.2430177,-0.08066814
0.003836732,-0.2430689,-0.07923848
0.003836732,-0.2430689,-0.07923848
0.003836732,-0.2430689,-0.07923848
0.003827299,-0.2432461,-0.07902709
0.003827299,-0.2432461,-0.07902709
0.003827299,-0.2432461,-0.07902709
0.003742959,-0.2430112,-0.07899752
0.003742959,-0.2430112,-0.07899752
0.003742959,-0.2430112,-0.07899752
0.004556069,-0.2430322,-0.07816744
0.004556069,-0.2430322,-0.07816744
0.004556069,-0.2430322,-0.07816744
0.004556069,-0.2430322,-0.07816744
0.004556069,-0.2430322,-0.07816744
0.004104786,-0.2430277,-0.07823077
0.004104786,-0.2430277,-0.07823077
0.004104786,-0.2430277,-0.07823077
0.004104786,-0.2430277,-0.07823077
0.004436421,-0.2433101,-0.07840339
0.004436421,-0.2433101,-0.07840339
0.00382532,-0.2428499,-0.07806572
0.00382532,-0.2428499,-0.07806572
0.00382532,-0.2428499,-0.07806572
0.00382532,-0.2428499,-0.07806572
0.00382532,-0.2428499,-0.07806572
0.003237183,-0.242388,-0.07718226
0.003237183,-0.242388,-0.07718226
0.003237183,-0.242388,-0.07718226
0.003213714,-0.2422966,-0.07702479
0.003213714,-0.2422966,-0.07702479
0.003213714,-0.2422966,-0.07702479
0.003213714,-0.2422966,-0.07702479
0.003213714,-0.2422966,-0.07702479
0.004601639,-0.2419919,-0.0767097
0.004601639,-0.2419919,-0.0767097
0.004601639,-0.2419919,-0.0767097
0.004601639,-0.2419919,-0.0767097
0.004722364,-0.2418629,-0.07675291
0.004722364,-0.2418629,-0.07675291
0.004722364,-0.2418629,-0.07675291
0.004722364,-0.2418629,-0.07675291
0.00394882,-0.241179,-0.07737716
0.00394882,-0.241179,-0.07737716
0.00394882,-0.241179,-0.07737716
0.00394882,-0.241179,-0.07737716
0.004830006,-0.2407156,-0.07783893
0.004830006,-0.2407156,-0.07783893
0.004830006,-0.2407156,-0.07783893
0.004830006,-0.2407156,-0.07783893
0.005599931,-0.2412429,-0.07718939
0.005599931,-0.2412429,-0.07718939
0.005599931,-0.2412429,-0.07718939
0.005599931,-0.2412429,-0.07718939
0.004423185,-0.2415463,-0.07813865
0.004423185,-0.2415463,-0.07813865
0.004423185,-0.2415463,-0.07813865
0.004423185,-0.2415463,-0.07813865
0.003295748,-0.2418693,-0.07950924
0.003295748,-0.2418693,-0.07950924
0.003295748,-0.2418693,-0.07950924
0.003295748,-0.2418693,-0.07950924
0.004410811,-0.2416033,-0.07952717
0.004410811,-0.2416033,-0.07952717
0.004410811,-0.2416033,-0.07952717
0.004410811,-0.2416033,-0.07952717
0.004410811,-0.2416033,-0.07952717
0.004879066,-0.2417461,-0.08031398
0.004879066,-0.2417461,-0.08031398
0.004879066,-0.2417461,-0.08031398
0.004000077,-0.2417078,-0.08167452
0.004000077,-0.2417078,-0.08167452
0.004000077,-0.2417078,-0.08167452
0.004000077,-0.2417078,-0.08167452
0.002335042,-0.2417011,-0.08366885
0.002335042,-0.2417011,-0.08366885
0.002335042,-0.2417011,-0.08366885
0.002335042,-0.2417011,-0.08366885
0.002924623,-0.2412502,-0.08330211
0.002924623,-0.2412502,-0.08330211
0.002924623,-0.2412502,-0.08330211
0.002924623,-0.2412502,-0.08330211
0.00260451,-0.2396861,-0.08349626
0.00260451,-0.2396861,-0.08349626
0.00260451,-0.2396861,-0.08349626
0.00260451,-0.2396861,-0.08349626
-0.0005904692,-0.2379455,-0.08454391
-0.0005904692,-0.2379455,-0.08454391
-0.0005904692,-0.2379455,-0.08454391
0.000285036,-0.2359234,-0.08495581
0.000285036,-0.2359234,-0.08495581
0.000285036,-0.2359234,-0.08495581
0.000285036,-0.2359234,-0.08495581
0.008206933,-0.2341716,-0.08107399
0.008206933,-0.2341716,-0.08107399
0.008206933,-0.2341716,-0.08107399
0.008206933,-0.2341716,-0.08107399
0.009732728,-0.2290977,-0.07965497
0.009732728,-0.2290977,-0.07965497
0.009732728,-0.2290977,-0.07965497
0.009732728,-0.2290977,-0.07965497
-0.002310433,-0.1722796,-0.1009636
-0.002310433,-0.1722796,-0.1009636
-0.002310433,-0.1722796,-0.1009636
-0.002310433,-0.1722796,-0.1009636
-0.07637427,-0.009570572,-0.1231152
-0.07637427,-0.009570572,-0.1231152
-0.07073862,0.008021746,-0.08255712
-0.05214396,0.01710925,-0.06292989
-0.03291566,0.01815475,-0.04242609
-0.03291566,0.01815475,-0.04242609
-0.03291566,0.01815475,-0.04242609
-0.03376845,0.01654045,-0.04855291
-0.03376845,0.01654045,-0.04855291
-0.03376845,0.01654045,-0.04855291
-0.03376845,0.01654045,-0.04855291
-0.03307661,0.01991932,-0.04776866
-0.03307661,0.01991932,-0.04776866
-0.03611843,0.01687516,-0.04443457
-0.03611843,0.01687516,-0.04443457
-0.03611843,0.01687516,-0.04443457
-0.03611843,0.01687516,-0.04443457
-0.03375832,0.01564251,-0.04357819
-0.03375832,0.01564251,-0.04357819
-0.03375832,0.01564251,-0.04357819
-0.03547777,0.01475599,-0.04205633
-0.03547777,0.01475599,-0.04205633
-0.03547777,0.01475599,-0.04205633
-0.0382091,0.01730991,-0.04379866
-0.0382091,0.01730991,-0.04379866
-0.0382091,0.01730991,-0.04379866
-0.03932507,0.01927917,-0.04187068
-0.03932507,0.01927917,-0.04187068
-0.03932507,0.01927917,-0.04187068
-0.03329484,0.01866664,-0.04023006
-0.03329484,0.01866664,-0.04023006
-0.03329484,0.01866664,-0.04023006
-0.03405341,0.01880887,-0.03963986
-0.03405341,0.01880887,-0.03963986
-0.03405341,0.01880887,-0.03963986
-0.03323029,0.0200781,-0.03880647
-0.03323029,0.0200781,-0.03880647
-0.03323029,0.0200781,-0.03880647
-0.03323029,0.0200781,-0.03880647
-0.03068325,0.02096393,-0.03786576
-0.03068325,0.02096393,-0.03786576
-0.03068325,0.02096393,-0.03786576
-0.03068325,0.02096393,-0.03786576
-0.02871676,0.02162805,-0.03927232
-0.02871676,0.02162805,-0.03927232
-0.02871676,0.02162805,-0.03927232
-0.03047353,0.0211484,-0.03735707
-0.03047353,0.0211484,-0.03735707
-0.03047353,0.0211484,-0.03735707
-0.03047353,0.0211484,-0.03735707
-0.03047353,0.0211484,-0.03735707
-0.03047353,0.0211484,-0.03735707
-0.02906092,0.02077686,-0.03799265
-0.02906092,0.02077686,-0.03799265
-0.02906092,0.02077686,-0.03799265
-0.02906092,0.02077686,-0.03799265
-0.02804569,0.02061039,-0.03911302
-0.02804569,0.02061039,-0.03911302
-0.02804569,0.02061039,-0.03911302
-0.02804569,0.02061039,-0.03911302
-0.02645681,0.02177834,-0.04017637
-0.02645681,0.02177834,-0.04017637
-0.02645681,0.02177834,-0.04017637
-0.02776689,0.02133208,-0.04044855
-0.02776689,0.02133208,-0.04044855
-0.02776689,0.02133208,-0.04044855
-0.02787105,0.02095052,-0.04160346
-0.02787105,0.02095052,-0.04160346
-0.02962673,0.01961654,-0.03964674
-0.02962673,0.01961654,-0.03964674
-0.02962673,0.01961654,-0.03964674
-0.02984239,0.01944051,-0.03966917
-0.02984239,0.01944051,-0.03966917
-0.02984239,0.01944051,-0.03966917
-0.02984239,0.01944051,-0.03966917
-0.02828131,0.01930869,-0.03930935
-0.02828131,0.01930869,-0.03930935
-0.02828131,0.01930869,-0.03930935
-0.0286678,0.01936476,-0.03874946
-0.0286678,0.01936476,-0.03874946
-0.0286678,0.01936476,-0.03874946
-0.02900575,0.01886271,-0.03715548
-0.02900575,0.01886271,-0.03715548
-0.02900575,0.01886271,-0.03715548
-0.03010472,0.01941517,-0.03622722
-0.03010472,0.01941517,-0.03622722
-0.03010472,0.01941517,-0.03622722
-0.03071967,0.01887661,-0.03578507
-0.03071967,0.01887661,-0.03578507
-0.03071967,0.01887661,-0.03578507
-0.03071967,0.01887661,-0.03578507
-0.02993207,0.01913073,-0.03690485
-0.02993207,0.01913073,-0.03690485
-0.02993207,0.01913073,-0.03690485
-0.0302533,0.01960585,-0.03651281
-0.0302533,0.01960585,-0.03651281
-0.0302533,0.01960585,-0.03651281
-0.02932315,0.02088652,-0.03709387
-0.02932315,0.02088652,-0.03709387
-0.02932315,0.02088652,-0.03709387
-0.02898437,0.02086653,-0.03671394
-0.02898437,0.02086653,-0.03671394
-0.02898437,0.02086653,-0.03671394
-0.02912045,0.01974468,-0.03672436
-0.02912045,0.01974468,-0.03672436
-0.02912045,0.01974468,-0.03672436
-0.02968849,0.01921508,-0.03718488
-0.02968849,0.01921508,-0.03718488
-0.02968849,0.01921508,-0.03718488
-0.02968849,0.01921508,-0.03718488
-0.02973367,0.01976305,-0.03794619
-0.02973367,0.01976305,-0.03794619
-0.02973367,0.01976305,-0.03794619
-0.02890666,0.02084377,-0.03846492
-0.02890666,0.02084377,-0.03846492
-0.02890666,0.02084377,-0.03846492
-0.02788919,0.02127274,-0.03896763
-0.02788919,0.02127274,-0.03896763
-0.02788919,0.02127274,-0.03896763
-0.02775168,0.02109929,-0.03935559
-0.02775168,0.02109929,-0.03935559
-0.02775168,0.02109929,-0.03935559
-0.02775168,0.02109929,-0.03935559
-0.0278602,0.0200466,-0.03943591
-0.0278602,0.0200466,-0.03943591
-0.0278602,0.0200466,-0.03943591
-0.02697658,0.01912075,-0.03935002
-0.02697658,0.01912075,-0.03935002
-0.02697658,0.01912075,-0.03935002
-0.02724014,0.02061485,-0.03929662
-0.02724014,0.02061485,-0.03929662
-0.02724014,0.02061485,-0.03929662
-0.02724014,0.02061485,-0.03929662
-0.02787814,0.02106846,-0.03872798
-0.02846401,0.02126823,-0.03808929
-0.02846401,0.02126823,-0.03808929
-0.02846401,0.02126823,-0.03808929
-0.02998085,0.02128441,-0.03730525
-0.02998085,0.02128441,-0.03730525
-0.02998085,0.02128441,-0.03730525
-0.02974138,0.02208039,-0.03740236
-0.02974138,0.02208039,-0.03740236
-0.02974138,0.02208039,-0.03740236
-0.02933899,0.02248242,-0.0369204
-0.02933899,0.02248242,-0.0369204
-0.02933899,0.02248242,-0.0369204
-0.02933899,0.02248242,-0.0369204
-0.02958666,0.02310124,-0.03613494
-0.02958666,0.02310124,-0.03613494
-0.03024825,0.02424898,-0.0359402
-0.03024825,0.02424898,-0.0359402
-0.03024825,0.02424898,-0.0359402
-0.03024825,0.02424898,-0.0359402
-0.03052945,0.0241417,-0.03522249
-0.03052945,0.0241417,-0.03522249
-0.03052945,0.0241417,-0.03522249
-0.03106524,0.02374869,-0.03472448
-0.03106524,0.02374869,-0.03472448
-0.03106524,0.02374869,-0.03472448
-0.03197326,0.02357187,-0.03431845
-0.03197326,0.02357187,-0.03431845
-0.03197326,0.02357187,-0.03431845
-0.03197326,0.02357187,-0.03431845
-0.03197326,0.02357187,-0.03431845
-0.03177492,0.02332867,-0.03404331
-0.03177492,0.02332867,-0.03404331
-0.03099654,0.02359989,-0.0339446
-0.03099654,0.02359989,-0.0339446
-0.03099654,0.02359989,-0.0339446
-0.03099654,0.02359989,-0.0339446
-0.03099654,0.02359989,-0.0339446
-0.03099654,0.02359989,-0.0339446
-0.03116063,0.02357048,-0.03406766
-0.03116063,0.02357048,-0.03406766
-0.03116063,0.02357048,-0.03406766
-0.03116063,0.02357048,-0.03406766
-0.03233909,0.02359926,-0.03395161
-0.03233909,0.02359926,-0.03395161
-0.03233909,0.02359926,-0.03395161
-0.03233909,0.02359926,-0.03395161
-0.03233909,0.02359926,-0.03395161
-0.03225011,0.02287014,-0.03371645
-0.03225011,0.02287014,-0.03371645
-0.03225011,0.02287014,-0.03371645
-0.03225011,0.02287014,-0.03371645
-0.03217367,0.02212635,-0.03318229
-0.03217367,0.02212635,-0.03318229
-0.03199368,0.0232533,-0.03370472
-0.03199368,0.0232533,-0.03370472
-0.03199368,0.0232533,-0.03370472
-0.03100298,0.02408287,-0.03347573
-0.03100298,0.02408287,-0.03347573
-0.03100298,0.02408287,-0.03347573
-0.03117811,0.02345252,-0.03333976
-0.03117811,0.02345252,-0.03333976
-0.03117811,0.02345252,-0.03333976
-0.0313849,0.02246541,-0.03343519
-0.0313849,0.02246541,-0.03343519
-0.0313849,0.02246541,-0.03343519
-0.0323908,0.02234637,-0.03299504
-0.0323908,0.02234637,-0.03299504
-0.0323908,0.02234637,-0.03299504
-0.03179742,0.02298886,-0.03316486
-0.03179742,0.02298886,-0.03316486
-0.03119211,0.02072397,-0.03246229
-0.03119211,0.02072397,-0.03246229
-0.03116584,0.02044566,-0.03368826
-0.03116584,0.02044566,-0.03368826
-0.03116584,0.02044566,-0.03368826
-0.03077812,0.02026704,-0.03432999
-0.03077812,0.02026704,-0.03432999
-0.03077812,0.02026704,-0.03432999
-0.03077812,0.02026704,-0.03432999
-0.03152162,0.02033143,-0.03417265
-0.03152162,0.02033143,-0.03417265
-0.03152162,0.02033143,-0.03417265
-0.03152162,0.02033143,-0.03417265
-0.03152162,0.02033143,-0.03417265
-0.03152162,0.02033143,-0.03417265
-0.03168601,0.02050612,-0.03385363
-0.03168601,0.02050612,-0.03385363
-0.03168601,0.02050612,-0.03385363
-0.03168601,0.02050612,-0.03385363
-0.03211806,0.02075662,-0.03320428
-0.03211806,0.02075662,-0.03320428
-0.03211806,0.02075662,-0.03320428
-0.03088735,0.02126593,-0.03359788
-0.03088735,0.02126593,-0.03359788
-0.03088735,0.02126593,-0.03359788
-0.03088735,0.02126593,-0.03359788
-0.03125066,0.02092937,-0.03355143
-0.03125066,0.02092937,-0.03355143
-0.03125066,0.02092937,-0.03355143
-0.03125066,0.02092937,-0.03355143
-0.03252519,0.0208504,-0.03252187
-0.03252519,0.0208504,-0.03252187
-0.03252519,0.0208504,-0.03252187
-0.03356263,0.02025165,-0.03172021
-0.03356263,0.02025165,-0.03172021
-0.03356263,0.02025165,-0.03172021
-0.03356263,0.02025165,-0.03172021
-0.03407481,0.02044447,-0.03149226
-0.03407481,0.02044447,-0.03149226
-0.033583,0.02071958,-0.03142937
-0.033583,0.02071958,-0.03142937
-0.033583,0.02071958,-0.03142937
-0.03336954,0.02145708,-0.03159006
-0.03336954,0.02145708,-0.03159006
-0.03297743,0.02194462,-0.03111969
-0.03297743,0.02194462,-0.03111969
-0.03334387,0.02145401,-0.02992643
-0.03334387,0.02145401,-0.02992643
-0.03334387,0.02145401,-0.02992643
-0.03334387,0.02145401,-0.02992643
-0.03365506,0.02182889,-0.02855466
-0.03365506,0.02182889,-0.02855466
-0.03315489,0.02222516,-0.02794574
-0.03315489,0.02222516,-0.02794574
-0.03315489,0.02222516,-0.02794574
-0.03315489,0.02222516,-0.02794574
-0.03231429,0.02327849,-0.02734603
-0.03231429,0.02327849,-0.02734603
-0.03231429,0.02327849,-0.02734603
-0.0312477,0.02357377,-0.0272684
-0.0312477,0.02357377,-0.0272684
-0.0312477,0.02357377,-0.0272684
-0.0312477,0.02357377,-0.0272684
-0.0312477,0.02357377,-0.0272684
-0.03131227,0.02320492,-0.02663526
-0.03131227,0.02320492,-0.02663526
-0.03131227,0.02320492,-0.02663526
-0.03131227,0.02320492,-0.02663526
-0.03131227,0.02320492,-0.02663526
-0.03131227,0.02320492,-0.02663526
-0.03146275,0.02287684,-0.02727195
-0.03146275,0.02287684,-0.02727195
-0.03146275,0.02287684,-0.02727195
-0.03146275,0.02287684,-0.02727195
-0.03230156,0.02228746,-0.02744086
-0.03230156,0.02228746,-0.02744086
-0.03230156,0.02228746,-0.02744086
-0.03230156,0.02228746,-0.02744086
-0.03230156,0.02228746,-0.02744086
-0.03230156,0.02228746,-0.02744086
-0.03253553,0.02260322,-0.02612976
-0.03253553,0.02260322,-0.02612976
-0.03253553,0.02260322,-0.02612976
-0.03253553,0.02260322,-0.02612976
-0.03253553,0.02260322,-0.02612976
-0.03119355,0.02269681,-0.02219008
-0.03119355,0.02269681,-0.02219008
-0.03119355,0.02269681,-0.02219008
-0.03119355,0.02269681,-0.02219008
-0.03119355,0.02269681,-0.02219008
-0.03375342,0.02679076,-0.02029487
-0.03375342,0.02679076,-0.02029487
-0.03375342,0.02679076,-0.02029487
-0.03375342,0.02679076,-0.02029487
-0.03375342,0.02679076,-0.02029487
-0.03895432,0.05834517,-0.03008939
-0.03895432,0.05834517,-0.03008939
-0.03895432,0.05834517,-0.03008939
-0.03895432,0.05834517,-0.03008939
-0.04858758,0.1199411,-0.05911891
-0.04858758,0.1199411,-0.05911891
-0.04858758,0.1199411,-0.05911891
-0.05383642,0.2081852,-0.07542986
-0.05383642,0.2081852,-0.07542986
-0.05383642,0.2081852,-0.07542986
-0.05383642,0.2081852,-0.07542986
-0.05383642,0.2081852,-0.07542986
-0.07729433,0.3097382,-0.09492238
-0.07729433,0.3097382,-0.09492238
-0.07729433,0.3097382,-0.09492238
-0.07729433,0.3097382,-0.09492238
-0.1185621,0.4175337,-0.1119995
-0.1185621,0.4175337,-0.1119995
-0.1185621,0.4175337,-0.1119995
-0.1555923,0.5158194,-0.08783117
-0.1555923,0.5158194,-0.08783117
-0.1555923,0.5158194,-0.08783117
-0.1715308,0.5933356,-0.05621476
-0.1715308,0.5933356,-0.05621476
-0.1715308,0.5933356,-0.05621476
-0.1633913,0.65253,-0.01511215
-0.1633913,0.65253,-0.01511215
-0.1369101,0.688238,0.005650555
-0.1369101,0.688238,0.005650555
-0.1369101,0.688238,0.005650555
-0.1369101,0.688238,0.005650555
-0.1052549,0.7041665,0.005344802
-0.1052549,0.7041665,0.005344802
-0.1122892,0.722106,-0.001094594
-0.1122892,0.722106,-0.001094594
-0.1122892,0.722106,-0.001094594
-0.1122892,0.722106,-0.001094594
-0.1079535,0.7323086,-0.004307888
-0.1079535,0.7323086,-0.004307888
-0.1079535,0.7323086,-0.004307888
-0.1088573,0.728744,0.0003051115
-0.1088573,0.728744,0.0003051115
-0.1163825,0.7262891,0.002911941
-0.1144852,0.730709,0.01243197
-0.1228374,0.7346565,0.008922976
-0.1228374,0.7346565,0.008922976
-0.1228374,0.7346565,0.008922976
-0.1228374,0.7346565,0.008922976
-0.1286735,0.7361531,0.02165263
-0.1286735,0.7361531,0.02165263
-0.1286735,0.7361531,0.02165263
-0.1286735,0.7361531,0.02165263
-0.1286735,0.7361531,0.02165263
-0.1369145,0.7397515,0.03958372
-0.1369145,0.7397515,0.03958372
-0.1369145,0.7397515,0.03958372
-0.1401494,0.7424016,0.04817541
-0.1401494,0.7424016,0.04817541
-0.1401494,0.7424016,0.04817541
-0.1401494,0.7424016,0.04817541
-0.1324344,0.7412449,0.0457831
-0.1324344,0.7412449,0.0457831
-0.1231442,0.7378663,0.03900393
-0.1231442,0.7378663,0.03900393
-0.1231442,0.7378663,0.03900393
-0.1231442,0.7378663,0.03900393
-0.1189431,0.7356742,0.03503904
-0.1189431,0.7356742,0.03503904
-0.1189431,0.7356742,0.03503904
-0.1189431,0.7356742,0.03503904
-0.1193499,0.7361431,0.03892728
-0.1193499,0.7361431,0.03892728
-0.1193499,0.7361431,0.03892728
-0.1193499,0.7361431,0.03892728
-0.1212705,0.7376385,0.04565025
-0.1212705,0.7376385,0.04565025
-0.1212705,0.7376385,0.04565025
-0.1212705,0.7376385,0.04565025
-0.119079,0.738479,0.05077392
-0.119079,0.738479,0.05077392
-0.1156676,0.7393773,0.05062285
-0.1156676,0.7393773,0.05062285
-0.1156676,0.7393773,0.05062285
-0.1156676,0.7393773,0.05062285
-0.1156676,0.7393773,0.05062285
-0.1126827,0.7390186,0.0502397
-0.1126827,0.7390186,0.0502397
-0.1126827,0.7390186,0.0502397
-0.1126827,0.7390186,0.0502397
-0.1126827,0.7390186,0.0502397
-0.113762,0.7385271,0.05292029
-0.113762,0.7385271,0.05292029
-0.113762,0.7385271,0.05292029
-0.113762,0.7385271,0.05292029
-0.1156575,0.7380546,0.05673715
-0.1156575,0.7380546,0.05673715
-0.1159929,0.7378783,0.06059384
-0.1159929,0.7378783,0.06059384
-0.1159929,0.7378783,0.06059384
-0.1152402,0.7376546,0.06188177
-0.1152402,0.7376546,0.06188177
-0.1152402,0.7376546,0.06188177
-0.1150443,0.7372699,0.06337396
-0.1150443,0.7372699,0.06337396
-0.1150443,0.7372699,0.06337396
-0.1154855,0.7364059,0.06454205
-0.1154855,0.7364059,0.06454205
-0.1154855,0.7364059,0.06454205
-0.1153293,0.7355541,0.06618474
-0.1153293,0.7355541,0.06618474
-0.1153293,0.7355541,0.06618474
-0.1148531,0.7357109,0.06647293
-0.1148531,0.7357109,0.06647293
-0.1148531,0.7357109,0.06647293
-0.1149234,0.7361695,0.06765006
-0.1149234,0.7361695,0.06765006
-0.1147621,0.7359211,0.06949019
-0.1147621,0.7359211,0.06949019
-0.1152715,0.7356061,0.0701274
-0.1152715,0.7356061,0.0701274
-0.1152715,0.7356061,0.0701274
-0.1152715,0.7356061,0.0701274
-0.1158608,0.7354939,0.0708928
-0.1158608,0.7354939,0.0708928
-0.1156993,0.7354838,0.07141619
-0.1156993,0.7354838,0.07141619
-0.1156993,0.7354838,0.07141619
-0.1168061,0.7349938,0.07154074
-0.1168061,0.7349938,0.07154074
-0.1168061,0.7349938,0.07154074
-0.117585,0.7344298,0.07154855
-0.117585,0.7344298,0.07154855
-0.117585,0.7344298,0.07154855
-0.1177487,0.7347828,0.07208672
-0.1177487,0.7347828,0.07208672
-0.1175279,0.7353666,0.07214949
-0.1175279,0.7353666,0.07214949
-0.1176921,0.7356703,0.07248021
-0.1176921,0.7356703,0.07248021
-0.1176921,0.7356703,0.07248021
-0.118656,0.7360381,0.07365932
-0.118656,0.7360381,0.07365932
-0.118656,0.7360381,0.07365932
-0.1198559,0.7365832,0.07527359
-0.1198559,0.7365832,0.07527359
-0.1198559,0.7365832,0.07527359
-0.1206221,0.7370038,0.07516771
-0.1206221,0.7370038,0.07516771
-0.1206221,0.7370038,0.07516771
-0.1203059,0.7366248,0.07469364
-0.1203059,0.7366248,0.07469364
-0.1214051,0.7363046,0.07546325
-0.1214051,0.7363046,0.07546325
-0.1214051,0.7363046,0.07546325
-0.1220068,0.7364257,0.07646625
-0.1220068,0.7364257,0.07646625
-0.1220068,0.7364257,0.07646625
-0.121578,0.7367503,0.07644355
-0.121578,0.7367503,0.07644355
-0.1211045,0.7367168,0.07574837
-0.1211045,0.7367168,0.07574837
-0.1211045,0.7367168,0.07574837
-0.1210248,0.7366418,0.07547943
-0.1210248,0.7366418,0.07547943
-0.1210248,0.7366418,0.07547943
-0.1209258,0.7370306,0.07575411
-0.1209258,0.7370306,0.07575411
-0.1214288,0.7372488,0.07557047
-0.1214288,0.7372488,0.07557047
-0.1214288,0.7372488,0.07557047
-0.1217668,0.7368334,0.07571182
-0.1217668,0.7368334,0.07571182
-0.1217668,0.7368334,0.07571182
-0.1229238,0.7368062,0.07660928
-0.1229238,0.7368062,0.07660928
-0.1234806,0.7368114,0.0772311
-0.1234806,0.7368114,0.0772311
-0.1234806,0.7368114,0.0772311
-0.1233817,0.7368279,0.07714868
-0.1233817,0.7368279,0.07714868
-0.1233817,0.7368279,0.07714868
-0.1233817,0.7368279,0.07714868
-0.1235681,0.7365054,0.07733833
-0.1235681,0.7365054,0.07733833
-0.1241498,0.7359631,0.07857472
-0.1241498,0.7359631,0.07857472
-0.1241498,0.7359631,0.07857472
-0.1242189,0.7354486,0.07949997
-0.1242189,0.7354486,0.07949997
-0.1242189,0.7354486,0.07949997
-0.1237496,0.735433,0.07859968
-0.1237496,0.735433,0.07859968
-0.1237496,0.735433,0.07859968
-0.123698,0.7354693,0.07812209
-0.123698,0.7354693,0.07812209
-0.123698,0.7354693,0.07812209
-0.1241861,0.7355877,0.07926277
-0.1241861,0.7355877,0.07926277
-0.124168,0.7362714,0.08031318
-0.124168,0.7362714,0.08031318
-0.124168,0.7362714,0.08031318
-0.1240287,0.7366038,0.08077984
-0.1240287,0.7366038,0.08077984
-0.1240287,0.7366038,0.08077984
-0.1240287,0.7366038,0.08077984
-0.1236833,0.7363902,0.08147705
-0.1236833,0.7363902,0.08147705
-0.1236833,0.7363902,0.08147705
-0.1236833,0.7363902,0.08147705
-0.1239919,0.7363037,0.08214688
-0.1239919,0.7363037,0.08214688
-0.1239919,0.7363037,0.08214688
-0.1239919,0.7363037,0.08214688
-0.1239919,0.7363037,0.08214688
-0.1243219,0.7365231,0.08347316
-0.1243219,0.7365231,0.08347316
-0.1243219,0.7365231,0.08347316
-0.1247765,0.7370478,0.08420695
-0.1247765,0.7370478,0.08420695
-0.1247765,0.7370478,0.08420695
-0.1247765,0.7370478,0.08420695
-0.1241328,0.7371793,0.08409549
-0.1241328,0.7371793,0.08409549
-0.1240354,0.7370539,0.08457878
-0.1240354,0.7370539,0.08457878
-0.1240354,0.7370539,0.08457878
-0.1237098,0.73722,0.08508635
-0.1237098,0.73722,0.08508635
-0.1237098,0.73722,0.08508635
-0.1237098,0.73722,0.08508635
-0.1237107,0.7373867,0.08538422
-0.1237107,0.7373867,0.08538422
-0.1237107,0.7373867,0.08538422
-0.1242717,0.7370842,0.08592492
-0.1242717,0.7370842,0.08592492
-0.1242717,0.7370842,0.08592492
-0.1242717,0.7370842,0.08592492
-0.1248867,0.7367315,0.08679789
-0.1248867,0.7367315,0.08679789
-0.1248867,0.7367315,0.08679789
-0.1249184,0.7370641,0.08714733
-0.1249184,0.7370641,0.08714733
-0.1249184,0.7370641,0.08714733
-0.1249184,0.7370641,0.08714733
-0.1249184,0.7370641,0.08714733
-0.1249184,0.7370641,0.08714733
-0.1249184,0.7370641,0.08714733
-0.1254055,0.7370915,0.08711155
-0.1264376,0.7360039,0.08810916
-0.1264376,0.7360039,0.08810916
-0.1264376,0.7360039,0.08810916
-0.1264376,0.7360039,0.08810916
-0.1264376,0.7360039,0.08810916
-0.1279658,0.7348701,0.09004454
-0.1279658,0.7348701,0.09004454
-0.1279658,0.7348701,0.09004454
-0.1279658,0.7348701,0.09004454
-0.1279658,0.7348701,0.09004454
-0.1270691,0.7345267,0.09005772
-0.1270691,0.7345267,0.09005772
-0.1270691,0.7345267,0.09005772
-0.123728,0.7298408,0.0898052
-0.123728,0.7298408,0.0898052
-0.123728,0.7298408,0.0898052
-0.123728,0.7298408,0.0898052
-0.1148493,0.7107638,0.08558692
-0.1148493,0.7107638,0.08558692
-0.1148493,0.7107638,0.08558692
-0.09870782,0.6484748,0.07363435
-0.09870782,0.6484748,0.07363435
-0.09870782,0.6484748,0.07363435
-0.09870782,0.6484748,0.07363435
-0.082614,0.5488324,0.06008956
-0.082614,0.5488324,0.06008956
-0.082614,0.5488324,0.06008956
-0.082614,0.5488324,0.06008956
-0.07195116,0.4272543,0.04103596
-0.07195116,0.4272543,0.04103596
-0.07195116,0.4272543,0.04103596
-0.07195116,0.4272543,0.04103596
-0.05452415,0.273157,0.03955555
-0.05452415,0.273157,0.03955555
-0.05452415,0.273157,0.03955555
-0.05452415,0.273157,0.03955555
-0.05245974,0.1060892,0.05803758
-0.05245974,0.1060892,0.05803758
-0.05245974,0.1060892,0.05803758
-0.05245974,0.1060892,0.05803758
-0.05834891,-0.05000223,0.06608555
-0.05834891,-0.05000223,0.06608555
-0.05458996,-0.1903847,0.05031349
-0.05458996,-0.1903847,0.05031349
-0.05458996,-0.1903847,0.05031349
-0.0377879,-0.3062131,0.03181108
-0.0377879,-0.3062131,0.03181108
-0.0377879,-0.3062131,0.03181108
-0.005577568,-0.3974746,0.01698737
-0.005577568,-0.3974746,0.01698737
-0.005577568,-0.3974746,0.01698737
0.02570675,-0.4909766,0.01757753
0.02570675,-0.4909766,0.01757753
0.02570675,-0.4909766,0.01757753
0.02570675,-0.4909766,0.01757753
0.04928679,-0.5788136,0.03584726
0.04928679,-0.5788136,0.03584726
0.05457696,-0.6529692,0.05855056
0.05457696,-0.6529692,0.05855056
0.05457696,-0.6529692,0.05855056
0.04597492,-0.7077283,0.07517505
0.04597492,-0.7077283,0.07517505
0.03393943,-0.7449951,0.08809456
0.03393943,-0.7449951,0.08809456
0.03393943,-0.7449951,0.08809456
0.04920245,-0.7699639,0.08590478
0.04920245,-0.7699639,0.08590478
0.04920245,-0.7699639,0.08590478
0.05589479,-0.7855503,0.08484949
0.05589479,-0.7855503,0.08484949
0.05589479,-0.7855503,0.08484949
0.07321121,-0.7912824,0.08994244
0.07321121,-0.7912824,0.08994244
0.07321121,-0.7912824,0.08994244
0.08274044,-0.8038604,0.08531403
0.08274044,-0.8038604,0.08531403
0.08900434,-0.8126041,0.0698055
0.08900434,-0.8126041,0.0698055
0.08900434,-0.8126041,0.0698055
0.08900434,-0.8126041,0.0698055
0.08466194,-0.8191942,0.06315265
0.08466194,-0.8191942,0.06315265
0.08243626,-0.8241124,0.0517753
0.08243626,-0.8241124,0.0517753
0.08604725,-0.8245721,0.04012092
0.08604725,-0.8245721,0.04012092
0.08604725,-0.8245721,0.04012092
0.08961256,-0.8186662,0.03427303
0.08961256,-0.8186662,0.03427303
0.08961256,-0.8186662,0.03427303
0.09179474,-0.8064195,0.02525099
0.09179474,-0.8064195,0.02525099
0.09179474,-0.8064195,0.02525099
0.09840705,-0.8019874,0.02795043
0.09840705,-0.8019874,0.02795043
0.09840705,-0.8019874,0.02795043
0.09840705,-0.8019874,0.02795043
0.09840705,-0.8019874,0.02795043
0.09587122,-0.7984386,0.02878235
0.09648028,-0.7950709,0.0277161
0.09648028,-0.7950709,0.0277161
0.09567756,-0.7917246,0.02602976
0.09567756,-0.7917246,0.02602976
0.09494878,-0.7882581,0.02447475
0.09494878,-0.7882581,0.02447475
0.09494878,-0.7882581,0.02447475
0.09494878,-0.7882581,0.02447475
0.09666653,-0.7879574,0.02500811
0.09666653,-0.7879574,0.02500811
0.09666653,-0.7879574,0.02500811
0.09671693,-0.7875307,0.02379542
0.09671693,-0.7875307,0.02379542
0.09816688,-0.7860895,0.02247147
0.09816688,-0.7860895,0.02247147
0.09816688,-0.7860895,0.02247147
0.09472552,-0.7850753,0.02047734
0.09472552,-0.7850753,0.02047734
0.09472552,-0.7850753,0.02047734
0.09472552,-0.7850753,0.02047734
0.09472552,-0.7850753,0.02047734
0.09407534,-0.7823658,0.01931589
0.09407534,-0.7823658,0.01931589
0.09407534,-0.7823658,0.01931589
0.09407534,-0.7823658,0.01931589
0.09407534,-0.7823658,0.01931589
0.09228992,-0.7807822,0.02072052
0.09228992,-0.7807822,0.02072052
0.09228992,-0.7807822,0.02072052
0.09228992,-0.7807822,0.02072052
0.09303027,-0.7792391,0.0199688
0.09303027,-0.7792391,0.0199688
0.09303027,-0.7792391,0.0199688
0.09303027,-0.7792391,0.0199688
0.09303027,-0.7792391,0.0199688
0.09322356,-0.7775089,0.01694422
0.09322356,-0.7775089,0.01694422
0.09322356,-0.7775089,0.01694422
0.09322356,-0.7775089,0.01694422
0.09322356,-0.7775089,0.01694422
0.08908601,-0.777501,0.01445673
0.08908601,-0.777501,0.01445673
0.08908601,-0.777501,0.01445673
0.08440489,-0.7775229,0.01339792
0.08440489,-0.7775229,0.01339792
0.08440489,-0.7775229,0.01339792
0.08606035,-0.7770308,0.01061505
0.08606035,-0.7770308,0.01061505
0.08606035,-0.7770308,0.01061505
0.08606035,-0.7770308,0.01061505
0.08598167,-0.7738483,0.01238315
0.08598167,-0.7738483,0.01238315
0.08598167,-0.7738483,0.01238315
0.08598167,-0.7738483,0.01238315
0.08598167,-0.7738483,0.01238315
0.08598167,-0.7738483,0.01238315
0.08598167,-0.7738483,0.01238315
0.08386365,-0.7702821,0.01254174
0.08386365,-0.7702821,0.01254174
0.08386365,-0.7702821,0.01254174
0.08390045,-0.7695447,0.01007233
0.08390045,-0.7695447,0.01007233
0.08390045,-0.7695447,0.01007233
0.08390045,-0.7695447,0.01007233
0.08390045,-0.7695447,0.01007233
0.0794792,-0.7696132,0.01265479
0.0794792,-0.7696132,0.01265479
0.0794792,-0.7696132,0.01265479
0.0794792,-0.7696132,0.01265479
0.0794792,-0.7696132,0.01265479
0.0815102,-0.7673965,0.01619218
0.0815102,-0.7673965,0.01619218
0.0815102,-0.7673965,0.01619218
0.0815102,-0.7673965,0.01619218
0.0815102,-0.7673965,0.01619218
0.08254223,-0.7660161,0.01804961
0.08254223,-0.7660161,0.01804961
0.08254223,-0.7660161,0.01804961
0.08254223,-0.7660161,0.01804961
0.08254223,-0.7660161,0.01804961
0.0826631,-0.765887,0.01950393
0.0826631,-0.765887,0.01950393
0.0826631,-0.765887,0.01950393
0.0826631,-0.765887,0.01950393
0.08205152,-0.7651228,0.0189884
0.08205152,-0.7651228,0.0189884
0.08205152,-0.7651228,0.0189884
0.08205152,-0.7651228,0.0189884
0.08205152,-0.7651228,0.0189884
0.08032469,-0.7633911,0.02035387
0.08032469,-0.7633911,0.02035387
0.08032469,-0.7633911,0.02035387
0.08032469,-0.7633911,0.02035387
0.08032469,-0.7633911,0.02035387
0.08027548,-0.7637315,0.01902982
0.08027548,-0.7637315,0.01902982
0.08027548,-0.7637315,0.01902982
0.08027548,-0.7637315,0.01902982
0.08027548,-0.7637315,0.01902982
0.08077589,-0.7635693,0.01840823
0.08077589,-0.7635693,0.01840823
0.08077589,-0.7635693,0.01840823
0.08077589,-0.7635693,0.01840823
0.08077589,-0.7635693,0.01840823
0.08061017,-0.7643703,0.01723747
0.08061017,-0.7643703,0.01723747
0.08061017,-0.7643703,0.01723747
0.08061017,-0.7643703,0.01723747
0.0803042,-0.7661212,0.01398668
0.0803042,-0.7661212,0.01398668
0.0803042,-0.7661212,0.01398668
0.0803042,-0.7661212,0.01398668
0.0803042,-0.7661212,0.01398668
0.07896478,-0.7654358,0.01255883
0.07896478,-0.7654358,0.01255883
0.07896478,-0.7654358,0.01255883
0.07896478,-0.7654358,0.01255883
0.07896478,-0.7654358,0.01255883
0.07833061,-0.7641438,0.01379195
0.07833061,-0.7641438,0.01379195
0.07833061,-0.7641438,0.01379195
0.07833061,-0.7641438,0.01379195
0.07833061,-0.7641438,0.01379195
0.07879239,-0.7643997,0.01424916
0.07879239,-0.7643997,0.01424916
0.07879239,-0.7643997,0.01424916
0.07879239,-0.7643997,0.01424916
0.07890031,-0.7641715,0.01435804
0.07890031,-0.7641715,0.01435804
0.07890031,-0.7641715,0.01435804
0.07890031,-0.7641715,0.01435804
0.07890031,-0.7641715,0.01435804
0.07890031,-0.7641715,0.01435804
0.078741,-0.7640803,0.01410366
0.078741,-0.7640803,0.01410366
0.078741,-0.7640803,0.01410366
0.078741,-0.7640803,0.01410366
0.07844942,-0.7640228,0.01336035
0.07844942,-0.7640228,0.01336035
0.07844942,-0.7640228,0.01336035
0.07857245,-0.7637262,0.01260887
0.07857245,-0.7637262,0.01260887
0.07857245,-0.7637262,0.01260887
0.07857245,-0.7637262,0.01260887
0.07918845,-0.7633857,0.0122876
0.07918845,-0.7633857,0.0122876
0.07918845,-0.7633857,0.0122876
0.07918845,-0.7633857,0.0122876
0.07922478,-0.7632262,0.01208398
0.07922478,-0.7632262,0.01208398
0.07922478,-0.7632262,0.01208398
0.07852641,-0.763191,0.01198805
0.07852641,-0.763191,0.01198805
0.07852641,-0.763191,0.01198805
0.07852641,-0.763191,0.01198805
0.0785355,-0.763876,0.01173169
0.0785355,-0.763876,0.01173169
0.0785355,-0.763876,0.01173169
0.0787324,-0.7646424,0.01169768
0.0787324,-0.7646424,0.01169768
0.0787324,-0.7646424,0.01169768
0.0787324,-0.7646424,0.01169768
0.07951941,-0.7648115,0.01165851
0.07951941,-0.7648115,0.01165851
0.07951941,-0.7648115,0.01165851
0.07994737,-0.7645106,0.01170602
0.07994737,-0.7645106,0.01170602
0.07994737,-0.7645106,0.01170602
0.07994737,-0.7645106,0.01170602
0.07967679,-0.7637656,0.0108121
0.07967679,-0.7637656,0.0108121
0.07967679,-0.7637656,0.0108121
0.07967679,-0.7637656,0.0108121
0.07893948,-0.76328,0.01050642
0.07893948,-0.76328,0.01050642
0.07893948,-0.76328,0.01050642
0.07893948,-0.76328,0.01050642
0.07893948,-0.76328,0.01050642
0.07794671,-0.7631336,0.010215
0.07794671,-0.7631336,0.010215
0.07794671,-0.7631336,0.010215
0.07794671,-0.7631336,0.010215
0.07794671,-0.7631336,0.010215
0.07713023,-0.7634823,0.009693941
0.07713023,-0.7634823,0.009693941
0.07713023,-0.7634823,0.009693941
0.07713023,-0.7634823,0.009693941
0.07655161,-0.764008,0.008901877
0.07655161,-0.764008,0.008901877
0.07655161,-0.764008,0.008901877
0.07655161,-0.764008,0.008901877
0.07655161,-0.764008,0.008901877
0.07655161,-0.764008,0.008901877
0.07642003,-0.7644528,0.008899506
0.07642003,-0.7644528,0.008899506
0.07642003,-0.7644528,0.008899506
0.07642003,-0.7644528,0.008899506
0.07660617,-0.7647047,0.008733981
0.07660617,-0.7647047,0.008733981
0.07660617,-0.7647047,0.008733981
0.07660617,-0.7647047,0.008733981
0.07660617,-0.7647047,0.008733981
0.07687944,-0.7648312,0.008491145
0.07687944,-0.7648312,0.008491145
0.07687944,-0.7648312,0.008491145
0.07644825,-0.7646145,0.008267784
0.07644825,-0.7646145,0.008267784
0.07644825,-0.7646145,0.008267784
0.07644825,-0.7646145,0.008267784
0.07637601,-0.7641125,0.008287231
0.07637601,-0.7641125,0.008287231
0.07637601,-0.7641125,0.008287231
0.07637601,-0.7641125,0.008287231
0.07625864,-0.7638056,0.008245055
0.07625864,-0.7638056,0.008245055
0.07625864,-0.7638056,0.008245055
0.07625864,-0.7638056,0.008245055
0.07629548,-0.7636703,0.008094888
0.07629548,-0.7636703,0.008094888
0.07629548,-0.7636703,0.008094888
0.07629548,-0.7636703,0.008094888
0.07582849,-0.7640967,0.008644273
0.07582849,-0.7640967,0.008644273
0.07582849,-0.7640967,0.008644273
0.07582849,-0.7640967,0.008644273
0.07421987,-0.7650643,0.009944575
0.07421987,-0.7650643,0.009944575
0.07421987,-0.7650643,0.009944575
0.07421987,-0.7650643,0.009944575
0.07414357,-0.7658171,0.00972064
0.07414357,-0.7658171,0.00972064
0.07414357,-0.7658171,0.00972064
0.07414357,-0.7658171,0.00972064
0.07414357,-0.7658171,0.00972064
0.07414357,-0.7658171,0.00972064
0.07399753,-0.7662076,0.0094284
0.07399753,-0.7662076,0.0094284
0.07399753,-0.7662076,0.0094284
0.0746182,-0.7663,0.008531556
0.0746182,-0.7663,0.008531556
0.0746182,-0.7663,0.008531556
0.0746182,-0.7663,0.008531556
0.0746107,-0.7659194,0.008161375
0.0746107,-0.7659194,0.008161375
0.0746107,-0.7659194,0.008161375
0.0746107,-0.7659194,0.008161375
0.07348356,-0.7656842,0.008664373
0.07348356,-0.7656842,0.008664373
0.07348356,-0.7656842,0.008664373
0.07348356,-0.7656842,0.008664373
0.07186808,-0.7652844,0.01018192
0.07186808,-0.7652844,0.01018192
0.07186808,-0.7652844,0.01018192
0.07186808,-0.7652844,0.01018192
0.07186808,-0.7652844,0.01018192
0.07186808,-0.7652844,0.01018192
0.07186808,-0.7652844,0.01018192
0.07211401,-0.7656985,0.01144694
0.07211401,-0.7656985,0.01144694
0.07211401,-0.7656985,0.01144694
0.07320863,-0.7663042,0.01108956
0.07320863,-0.7663042,0.01108956
0.07320863,-0.7663042,0.01108956
0.07320863,-0.7663042,0.01108956
0.07348561,-0.7675095,0.009985129
0.07348561,-0.7675095,0.009985129
0.07348561,-0.7675095,0.009985129
0.07348561,-0.7675095,0.009985129
0.07352038,-0.7686958,0.009980288
0.07352038,-0.7686958,0.009980288
0.07352038,-0.7686958,0.009980288
0.07245804,-0.7696213,0.01072405
0.07245804,-0.7696213,0.01072405
0.07245804,-0.7696213,0.01072405
0.07245804,-0.7696213,0.01072405
0.06810921,-0.7704604,0.01411376
0.06810921,-0.7704604,0.01411376
0.06810921,-0.7704604,0.01411376
0.06810921,-0.7704604,0.01411376
0.07131441,-0.7687382,0.00411139
0.07131441,-0.7687382,0.00411139
0.07131441,-0.7687382,0.00411139
0.06958126,-0.736724,0.0004385049
0.06958126,-0.736724,0.0004385049
0.06958126,-0.736724,0.0004385049
0.06958126,-0.736724,0.0004385049
0.06240218,-0.6893378,0.001490457
0.06240218,-0.6893378,0.001490457
0.06240218,-0.6893378,0.001490457
0.05780893,-0.6200813,-0.002415528
0.05780893,-0.6200813,-0.002415528
0.05780893,-0.6200813,-0.002415528
0.05780893,-0.6200813,-0.002415528
0.05952191,-0.5464972,-0.02180159
0.05952191,-0.5464972,-0.02180159
0.05952191,-0.5464972,-0.02180159
0.05952191,-0.5464972,-0.02180159
0.02932998,-0.4646323,-0.01965236
0.02932998,-0.4646323,-0.01965236
0.02932998,-0.4646323,-0.01965236
0.008867727,-0.3735694,-0.02857365
0.008867727,-0.3735694,-0.02857365
0.008867727,-0.3735694,-0.02857365
0.008867727,-0.3735694,-0.02857365
-0.003076435,-0.2717367,-0.03321969
-0.003076435,-0.2717367,-0.03321969
-0.003076435,-0.2717367,-0.03321969
-0.01404927,-0.1665082,-0.01836761
-0.01404927,-0.1665082,-0.01836761
-0.01404927,-0.1665082,-0.01836761
-0.01404927,-0.1665082,-0.01836761
-0.01404927,-0.1665082,-0.01836761
-0.01404927,-0.1665082,-0.01836761
-0.01404927,-0.1665082,-0.01836761
-0.01410218,0.02462864,0.006549157
-0.01410218,0.02462864,0.006549157
-0.01410218,0.02462864,0.006549157
-0.01410218,0.02462864,0.006549157
-0.01844916,0.1401274,0.0421845
-0.01844916,0.1401274,0.0421845
-0.01844916,0.1401274,0.0421845
-0.01844916,0.1401274,0.0421845
-0.01145637,0.2594311,0.05589055
-0.01145637,0.2594311,0.05589055
-0.01145637,0.2594311,0.05589055
-0.01145637,0.2594311,0.05589055
-0.002934706,0.375825,0.05561281
-0.002934706,0.375825,0.05561281
-0.002934706,0.375825,0.05561281
-0.007077972,0.4778912,0.05968812
-0.007077972,0.4778912,0.05968812
-0.007077972,0.4778912,0.05968812
-0.007077972,0.4778912,0.05968812
-0.007077972,0.4778912,0.05968812
-0.01220798,0.5723236,0.05391831
-0.01220798,0.5723236,0.05391831
-0.01220798,0.5723236,0.05391831
-0.01220798,0.5723236,0.05391831
-0.008844594,0.6473468,0.05743536
-0.008844594,0.6473468,0.05743536
-0.008844594,0.6473468,0.05743536
-0.008844594,0.6473468,0.05743536
-0.008844594,0.6473468,0.05743536
-0.009413328,0.689549,0.05968741
-0.009413328,0.689549,0.05968741
-0.009413328,0.689549,0.05968741
-0.009413328,0.689549,0.05968741
-0.001989374,0.7131036,0.07526214
-0.001989374,0.7131036,0.07526214
-0.001989374,0.7131036,0.07526214
-0.001989374,0.7131036,0.07526214
-0.001989374,0.7131036,0.07526214
-0.007818062,0.7219343,0.08242728
-0.007818062,0.7219343,0.08242728
-0.00804738,0.7243168,0.0930784
-0.00804738,0.7243168,0.0930784
-0.00804738,0.7243168,0.0930784
-0.00804738,0.7243168,0.0930784
-0.008999832,0.723092,0.09275445
-0.008999832,0.723092,0.09275445
-0.008999832,0.723092,0.09275445
-0.008999832,0.723092,0.09275445
-0.008999832,0.723092,0.09275445
-0.009066961,0.720719,0.09371769
-0.009066961,0.720719,0.09371769
-0.009066961,0.720719,0.09371769
-0.009066961,0.720719,0.09371769
-0.009066961,0.720719,0.09371769
-0.009540509,0.7150431,0.0937084
-0.009540509,0.7150431,0.0937084
-0.009540509,0.7150431,0.0937084
-0.009540509,0.7150431,0.0937084
-0.009540509,0.7150431,0.0937084
-0.009480887,0.7130218,0.09652955
-0.009480887,0.7130218,0.09652955
-0.009480887,0.7130218,0.09652955
-0.009480887,0.7130218,0.09652955
-0.009480887,0.7130218,0.09652955
-0.008276838,0.7087809,0.09633089
-0.008276838,0.7087809,0.09633089
-0.008276838,0.7087809,0.09633089
-0.008276838,0.7087809,0.09633089
-0.007555481,0.7068028,0.09705982
-0.007555481,0.7068028,0.09705982
-0.007555481,0.7068028,0.09705982
-0.007555481,0.7068028,0.09705982
-0.007555481,0.7068028,0.09705982
-0.007300428,0.7055491,0.09513213
-0.007300428,0.7055491,0.09513213
-0.007300428,0.7055491,0.09513213
-0.007300428,0.7055491,0.09513213
-0.007300428,0.7055491,0.09513213
-0.004405905,0.705248,0.09430002
-0.004405905,0.705248,0.09430002
-0.004405905,0.705248,0.09430002
-0.004405905,0.705248,0.09430002
-0.004405905,0.705248,0.09430002
-0.004405905,0.705248,0.09430002
-0.005945825,0.7057378,0.09458618
-0.005945825,0.7057378,0.09458618
-0.005945825,0.7057378,0.09458618
-0.01024375,0.7077817,0.09418824
-0.01024375,0.7077817,0.09418824
-0.01024375,0.7077817,0.09418824
-0.01024375,0.7077817,0.09418824
-0.01211116,0.708622,0.0962285
-0.01211116,0.708622,0.0962285
-0.01211116,0.708622,0.0962285
-0.01211116,0.708622,0.0962285
-0.01314578,0.7080954,0.09901965
-0.01314578,0.7080954,0.09901965
-0.01314578,0.7080954,0.09901965
-0.01314578,0.7080954,0.09901965
-0.01174346,0.7080414,0.1008798
-0.01174346,0.7080414,0.1008798
-0.01174346,0.7080414,0.1008798
-0.01174346,0.7080414,0.1008798
-0.01172436,0.7072716,0.09989523
-0.01172436,0.7072716,0.09989523
-0.01172436,0.7072716,0.09989523
-0.01227799,0.7066702,0.1013336
-0.01227799,0.7066702,0.1013336
-0.01227799,0.7066702,0.1013336
-0.01227799,0.7066702,0.1013336
-0.01440009,0.7059999,0.1007303
-0.01440009,0.7059999,0.1007303
-0.01440009,0.7059999,0.1007303
-0.01695558,0.7055116,0.1009465
-0.01695558,0.7055116,0.1009465
-0.01695558,0.7055116,0.1009465
-0.01695558,0.7055116,0.1009465
-0.01729728,0.706081,0.1010308
-0.01729728,0.706081,0.1010308
-0.01729728,0.706081,0.1010308
-0.01729728,0.706081,0.1010308
-0.01643893,0.7056419,0.1007914
-0.01643893,0.7056419,0.1007914
-0.01643893,0.7056419,0.1007914
-0.01643893,0.7056419,0.1007914
-0.01765446,0.7050009,0.101105
-0.01765446,0.7050009,0.101105
-0.01765446,0.7050009,0.101105
-0.01734601,0.7056086,0.09915117
-0.01734601,0.7056086,0.09915117
-0.01734601,0.7056086,0.09915117
-0.01734601,0.7056086,0.09915117
-0.01653098,0.7052035,0.1012316
-0.01653098,0.7052035,0.1012316
-0.01653098,0.7052035,0.1012316
-0.01730028,0.7054634,0.1023389
-0.01730028,0.7054634,0.1023389
-0.01730028,0.7054634,0.1023389
-0.01730028,0.7054634,0.1023389
-0.01785756,0.705326,0.1030623
-0.01785756,0.705326,0.1030623
-0.01785756,0.705326,0.1030623
-0.01880504,0.7055025,0.1042029
-0.01880504,0.7055025,0.1042029
-0.01880504,0.7055025,0.1042029
-0.01880504,0.7055025,0.1042029
-0.01950829,0.7051525,0.1048552
-0.01950829,0.7051525,0.1048552
-0.01950829,0.7051525,0.1048552
-0.02041,0.7046561,0.1053798
-0.02041,0.7046561,0.1053798
-0.02041,0.7046561,0.1053798
-0.02041,0.7046561,0.1053798
-0.01972974,0.7052926,0.1051956
-0.01972974,0.7052926,0.1051956
-0.01972974,0.7052926,0.1051956
-0.01972974,0.7052926,0.1051956
-0.01972974,0.7052926,0.1051956
-0.02017029,0.7052108,0.1052287
-0.02017029,0.7052108,0.1052287
-0.0210521,0.7055308,0.1061624
-0.0210521,0.7055308,0.1061624
-0.0210521,0.7055308,0.1061624
-0.0210521,0.7055308,0.1061624
-0.02219254,0.7058265,0.1064502
-0.02219254,0.7058265,0.1064502
-0.02219254,0.7058265,0.1064502
-0.02206479,0.7061483,0.1074587
-0.02206479,0.7061483,0.1074587
-0.02206479,0.7061483,0.1074587
-0.02207603,0.7062426,0.1070302
-0.02207603,0.7062426,0.1070302
-0.02207603,0.7062426,0.1070302
-0.02207603,0.7062426,0.1070302
-0.02266035,0.7059806,0.1070161
-0.02266035,0.7059806,0.1070161
-0.02266035,0.7059806,0.1070161
-0.0234181,0.7049936,0.1079385
-0.0234181,0.7049936,0.1079385
-0.0234181,0.7049936,0.1079385
-0.0234181,0.7049936,0.1079385
-0.0234181,0.7049936,0.1079385
-0.0234181,0.7049936,0.1079385
-0.0234181,0.7049936,0.1079385
-0.0223404,0.7041461,0.1099295
-0.0223404,0.7041461,0.1099295
-0.0223404,0.7041461,0.1099295
-0.0223404,0.7041461,0.1099295
-0.02243923,0.704882,0.1092481
-0.02243923,0.704882,0.1092481
-0.02243923,0.704882,0.1092481
-0.02243923,0.704882,0.1092481
-0.02267862,0.7050705,0.1091897
-0.02267862,0.7050705,0.1091897
-0.02267862,0.7050705,0.1091897
-0.02267862,0.7050705,0.1091897
-0.02249815,0.7045878,0.1096764
-0.02249815,0.7045878,0.1096764
-0.02249815,0.7045878,0.1096764
-0.02249815,0.7045878,0.1096764
-0.02143001,0.7038682,0.1104116
-0.02143001,0.7038682,0.1104116
-0.02143001,0.7038682,0.1104116
-0.0223105,0.7031886,0.1101234
-0.0223105,0.7031886,0.1101234
-0.0223105,0.7031886,0.1101234
-0.0223105,0.7031886,0.1101234
-0.02302188,0.7025769,0.1099323
-0.02302188,0.7025769,0.1099323
-0.02302188,0.7025769,0.1099323
-0.02302188,0.7025769,0.1099323
-0.02256275,0.7020594,0.1103134
-0.02256275,0.7020594,0.1103134
-0.02256275,0.7020594,0.1103134
-0.02256275,0.7020594,0.1103134
-0.02312306,0.7017703,0.1104864
-0.02312306,0.7017703,0.1104864
-0.02312306,0.7017703,0.1104864
-0.02292079,0.7013974,0.11095
-0.02292079,0.7013974,0.11095
-0.02292079,0.7013974,0.11095
-0.02292079,0.7013974,0.11095
-0.02262638,0.7007257,0.1118292
-0.02262638,0.7007257,0.1118292
-0.02262638,0.7007257,0.1118292
-0.02262638,0.7007257,0.1118292
-0.02269617,0.7005671,0.112058
-0.02269617,0.7005671,0.112058
-0.02269617,0.7005671,0.112058
-0.02287641,0.7001915,0.1131113
-0.02287641,0.7001915,0.1131113
-0.02287641,0.7001915,0.1131113
-0.02287641,0.7001915,0.1131113
-0.02275595,0.6999248,0.1122689
-0.02275595,0.6999248,0.1122689
-0.02275595,0.6999248,0.1122689
-0.02174995,0.6994484,0.1126236
-0.02174995,0.6994484,0.1126236
-0.02174995,0.6994484,0.1126236
-0.02174995,0.6994484,0.1126236
-0.02174995,0.6994484,0.1126236
-0.02174995,0.6994484,0.1126236
-0.0223078,0.6997941,0.1133158
-0.0235615,0.6996948,0.1146009
-0.0235615,0.6996948,0.1146009
-0.0235615,0.6996948,0.1146009
-0.0235615,0.6996948,0.1146009
-0.02421415,0.6999629,0.1156215
-0.02421415,0.6999629,0.1156215
-0.02421415,0.6999629,0.1156215
-0.02421415,0.6999629,0.1156215
-0.02413476,0.700014,0.1160149
-0.02413476,0.700014,0.1160149
-0.02413476,0.700014,0.1160149
-0.02487319,0.6998631,0.1164393
-0.02487319,0.6998631,0.1164393
-0.02470025,0.6998328,0.1171354
-0.02470025,0.6998328,0.1171354
-0.02470025,0.6998328,0.1171354
-0.02470025,0.6998328,0.1171354
-0.0254478,0.7006143,0.1174849
-0.0254478,0.7006143,0.1174849
-0.0254478,0.7006143,0.1174849
-0.02610005,0.7016052,0.1176735
-0.02610005,0.7016052,0.1176735
-0.02610005,0.7016052,0.1176735
-0.02610005,0.7016052,0.1176735
-0.02610005,0.7016052,0.1176735
-0.02620598,0.7010558,0.1182541
-0.02620598,0.7010558,0.1182541
-0.02620598,0.7010558,0.1182541
-0.02590514,0.700836,0.1179703
-0.02590514,0.700836,0.1179703
-0.02590514,0.700836,0.1179703
-0.02590514,0.700836,0.1179703
-0.02590514,0.700836,0.1179703
-0.02637917,0.7004437,0.1179288
-0.02637917,0.7004437,0.1179288
-0.02637917,0.7004437,0.1179288
-0.02637917,0.7004437,0.1179288
-0.02637917,0.7004437,0.1179288
-0.02616672,0.7003574,0.1169135
-0.02616672,0.7003574,0.1169135
-0.02616672,0.7003574,0.1169135
-0.02616672,0.7003574,0.1169135
-0.02871796,0.7034193,0.1144916
-0.02871796,0.7034193,0.1144916
-0.02871796,0.7034193,0.1144916
-0.02871796,0.7034193,0.1144916
-0.02871796,0.7034193,0.1144916
-0.02871796,0.7034193,0.1144916
-0.04698359,0.7341951,0.1011784
-0.04698359,0.7341951,0.1011784
-0.04698359,0.7341951,0.1011784
-0.04698359,0.7341951,0.1011784
-0.04698359,0.7341951,0.1011784
-0.06238523,0.7952896,0.08775619
-0.06238523,0.7952896,0.08775619
-0.06238523,0.7952896,0.08775619
-0.06238523,0.7952896,0.08775619
-0.06238523,0.7952896,0.08775619
-0.06238523,0.7952896,0.08775619
-0.06238523,0.7952896,0.08775619
-0.06238523,0.7952896,0.08775619
-0.06238523,0.7952896,0.08775619
-0.06238523,0.7952896,0.08775619
-0.06447408,0.9212582,0.08985146
-0.06447408,0.9212582,0.08985146
-0.06447408,0.9212582,0.08985146
-0.06447408,0.9212582,0.08985146
-0.05633051,0.9665893,0.09570435
-0.05633051,0.9665893,0.09570435
-0.05633051,0.9665893,0.09570435
-0.05633051,0.9665893,0.09570435
-0.03893067,0.9918262,0.09770909
-0.03893067,0.9918262,0.09770909
-0.03893067,0.9918262,0.09770909
-0.03893067,0.9918262,0.09770909
-0.04658763,0.9910914,0.09496018
-0.04658763,0.9910914,0.09496018
-0.04658763,0.9910914,0.09496018
-0.04658763,0.9910914,0.09496018
-0.06677447,0.9727648,0.09734073
-0.06677447,0.9727648,0.09734073
-0.06677447,0.9727648,0.09734073
-0.1046463,0.9514062,0.09950608
-0.1046463,0.9514062,0.09950608
-0.1046463,0.9514062,0.09950608
-0.1421358,0.9292444,0.09827416
-0.1421358,0.9292444,0.09827416
-0.1421358,0.9292444,0.09827416
-0.1421358,0.9292444,0.09827416
-0.1421358,0.9292444,0.09827416
-0.1604473,0.9133139,0.08592698
-0.1585148,0.9053391,0.07905559
-0.1585148,0.9053391,0.07905559
-0.1585148,0.9053391,0.07905559
-0.1585148,0.9053391,0.07905559
-0.1546306,0.9031989,0.07706611
-0.1546306,0.9031989,0.07706611
-0.1546306,0.9031989,0.07706611
-0.1549909,0.906008,0.07385492
-0.1549909,0.906008,0.07385492
-0.1549909,0.906008,0.07385492
-0.1549909,0.906008,0.07385492
-0.1527713,0.9087473,0.07504942
-0.1527713,0.9087473,0.07504942
-0.1527713,0.9087473,0.07504942
-0.1518064,0.9133999,0.0762638
-0.1518064,0.9133999,0.0762638
-0.1496686,0.9206727,0.08039711
-0.1496686,0.9206727,0.08039711
-0.1496686,0.9206727,0.08039711
-0.1496686,0.9206727,0.08039711
-0.1496686,0.9206727,0.08039711
-0.1496686,0.9206727,0.08039711
-0.1547351,0.9272584,0.08243161
-0.1547351,0.9272584,0.08243161
-0.1585195,0.9332201,0.07823329
-0.1585195,0.9332201,0.07823329
-0.1585195,0.9332201,0.07823329
-0.1582054,0.9382563,0.0737346
-0.1582054,0.9382563,0.0737346
-0.1594336,0.9455203,0.06842978
-0.1594336,0.9455203,0.06842978
-0.1549918,0.9567981,0.05555578
-0.1549918,0.9567981,0.05555578
-0.1549918,0.9567981,0.05555578
-0.1549918,0.9567981,0.05555578
-0.1424703,0.9815066,0.01529605
-0.1424703,0.9815066,0.01529605
-0.1424703,0.9815066,0.01529605
-0.1550087,0.9798295,-0.04438385
-0.1550087,0.9798295,-0.04438385
-0.1550087,0.9798295,-0.04438385
-0.1340923,0.8973819,-0.1295923
-0.1340923,0.8973819,-0.1295923
-0.1340923,0.8973819,-0.1295923
-0.0630329,0.7455763,-0.1869397
-0.0630329,0.7455763,-0.1869397
-0.0630329,0.7455763,-0.1869397
-0.0630329,0.7455763,-0.1869397
0.01273287,0.5734632,-0.2119893
0.01273287,0.5734632,-0.2119893
0.01273287,0.5734632,-0.2119893
0.0834304,0.3926882,-0.2115164
0.0834304,0.3926882,-0.2115164
0.0834304,0.3926882,-0.2115164
0.09224635,0.2050093,-0.2548622
0.09224635,0.2050093,-0.2548622
0.09224635,0.2050093,-0.2548622
0.09224635,0.2050093,-0.2548622
0.09224635,0.2050093,-0.2548622
0.135072,0.04689951,-0.220508
0.135072,0.04689951,-0.220508
0.135072,0.04689951,-0.220508
0.135072,0.04689951,-0.220508
0.135072,0.04689951,-0.220508
0.1626827,-0.09458619,-0.1830887
0.1626827,-0.09458619,-0.1830887
0.1626827,-0.09458619,-0.1830887
0.1626827,-0.09458619,-0.1830887
0.1598907,-0.203272,-0.1563712
0.1598907,-0.203272,-0.1563712
0.1598907,-0.203272,-0.1563712
0.1598907,-0.203272,-0.1563712
0.1598907,-0.203272,-0.1563712
0.1335364,-0.2426645,-0.1740729
0.1335364,-0.2426645,-0.1740729
0.1335364,-0.2426645,-0.1740729
0.1335364,-0.2426645,-0.1740729
0.1122639,-0.2300118,-0.1781238
0.1122639,-0.2300118,-0.1781238
0.1122639,-0.2300118,-0.1781238
0.09199987,-0.2127755,-0.1866141
0.09199987,-0.2127755,-0.1866141
0.09199987,-0.2127755,-0.1866141
0.1023631,-0.2071634,-0.1765193
0.1023631,-0.2071634,-0.1765193
0.1023631,-0.2071634,-0.1765193
0.1231306,-0.2011042,-0.1658953
0.1231306,-0.2011042,-0.1658953
0.1231306,-0.2011042,-0.1658953
0.1231306,-0.2011042,-0.1658953
0.1346917,-0.1954608,-0.1620305
0.1346917,-0.1954608,-0.1620305
0.1346917,-0.1954608,-0.1620305
0.1411136,-0.2047587,-0.1524955
0.1411136,-0.2047587,-0.1524955
0.1411136,-0.2047587,-0.1524955
0.1411136,-0.2047587,-0.1524955
0.1411136,-0.2047587,-0.1524955
0.1447795,-0.2130176,-0.1496077
0.1447795,-0.2130176,-0.1496077
0.1447795,-0.2130176,-0.1496077
0.1447795,-0.2130176,-0.1496077
0.1447795,-0.2130176,-0.1496077
0.1447795,-0.2130176,-0.1496077
0.1421249,-0.2132421,-0.139199
0.1421249,-0.2132421,-0.139199
0.1421249,-0.2132421,-0.139199
0.1421249,-0.2132421,-0.139199
0.1384233,-0.2102223,-0.1333497
0.1384233,-0.2102223,-0.1333497
0.1384233,-0.2102223,-0.1333497
0.1384233,-0.2102223,-0.1333497
0.1350921,-0.2038433,-0.1351686
0.1350921,-0.2038433,-0.1351686
0.1350921,-0.2038433,-0.1351686
0.1350921,-0.2038433,-0.1351686
0.1350921,-0.2038433,-0.1351686
0.1384762,-0.2029273,-0.1372117
0.1384762,-0.2029273,-0.1372117
0.1384762,-0.2029273,-0.1372117
0.1384762,-0.2029273,-0.1372117
0.1384762,-0.2029273,-0.1372117
0.1459725,-0.2027562,-0.1385627
0.1459725,-0.2027562,-0.1385627
0.1459725,-0.2027562,-0.1385627
0.1459725,-0.2027562,-0.1385627
0.1459725,-0.2027562,-0.1385627
0.1526684,-0.202895,-0.1354296
0.1526684,-0.202895,-0.1354296
0.1548929,-0.2026826,-0.1396156
0.1548929,-0.2026826,-0.1396156
0.1548929,-0.2026826,-0.1396156
0.1548929,-0.2026826,-0.1396156
0.15693,-0.2023678,-0.1420391
0.15693,-0.2023678,-0.1420391
0.157215,-0.2020371,-0.1416998
0.157215,-0.2020371,-0.1416998
0.157215,-0.2020371,-0.1416998
0.1552189,-0.2022955,-0.1414838
0.1552189,-0.2022955,-0.1414838
0.1552189,-0.2022955,-0.1414838
0.1546156,-0.202297,-0.1454177
